00e7bf1aca28fd0aafda -1 41351 11140 4000 33950 -1 384 -1 -1 30916 338 7154 3919 -1 20247 
00f3bbc51aac0917d0d8 -1 19729 12054 21848 31769 8360 109 34363 -1 9966 4305 34150 86 27449 -1 
02a998b46afc987ac663 4978 26532 883 -1 18203 13356 7533 37364 4255 7756 956 14756 -1 37127 8018 
0367acbfe6520987b99d 10682 42520 -1 3401 237 10200 -1 27933 28789 -1 31453 28521 -1 27930 -1 
044c827080842b1135b6 -1 -1 -1 32722 32606 660 31157 -1 28426 -1 20617 16727 -1 10731 1398 
0665fa680cd79e7e9fea -1 -1 -1 -1 -1 32213 -1 24745 9287 -1 -1 -1 2020 5918 32458 
075828b32a8acf641ccc -1 -1 7051 759 1357 596 1744 4252 -1 1201 -1 -1 6742 2560 10761 
08458fa69b9da181d1a9 7170 7162 9776 20734 12590 -1 117 17763 7311 7561 -1 2659 13835 30 35808 
085b68efe50392d1d5d3 7114 372 7177 -1 3404 -1 32280 4906 2077 -1 2476 32313 -1 6187 -1 
099c1b578cf9df540ad2 40140 -1 11702 581 31563 -1 30032 -1 3491 -1 956 -1 -1 242 109 
0de349e0ffc27dd60d72 -1 4629 1892 285 -1 2367 35318 3919 26555 34854 1357 179 2804 1583 1072 
120c96cd1a0cff0ff022 -1 1244 6662 1956 39 -1 285 35219 -1 4785 30 2103 28819 655 1594 
12da26b69a957344f181 31083 28744 -1 28742 -1 -1 -1 2920 5643 4061 2525 117 6171 23675 5367 
13ad8626e219c9da5743 10008 -1 2470 -1 34924 4978 -1 28871 16659 481 -1 26568 4729 19664 430 
15688a832d73bf5d9361 39078 596 11921 -1 7448 38724 -1 -1 30 3491 -1 -1 374 40547 -1 
1767cd5d70d776cbe17e 31287 42429 344 -1 30306 18757 473 6786 -1 -1 -1 -1 31570 3253 -1 
1879aa9648867b5ec0e2 30110 86 256 18882 -1 21641 -1 3520 609 3621 -1 5561 109 -1 10479 
18d24072c0af77b2668c -1 -1 -1 -1 -1 -1 12230 -1 -1 -1 -1 22279 -1 11503 -1 
191def3f942a12d33102 10470 9053 1301 -1 6315 34862 34429 9371 -1 -1 1287 1855 2820 -1 -1 
1949ff40cd2f9de2c0ca 3870 3871 20292 -1 2398 7300 6048 -1 905 19455 32360 2920 23480 19009 14624 
1a5b8f21149b6a5124a3 -1 36160 29039 -1 -1 25642 1282 -1 -1 4041 12212 3723 8665 42353 19618 
1cd9a30ccafe39dc4f7e -1 -1 -1 -1 -1 -1 -1 -1 31581 1686 1293 13035 1169 33093 -1 
1d06398591e893701fea -1 2204 2895 2896 285 160 109 30 403 8942 86 575 -1 308 138 
1f9cfaf9d97dec371b70 22428 21868 21871 636 117 14013 21766 -1 21471 22089 22427 256 20657 -1 2204 
1f9f54fd626f27b73eb3 1907 -1 9254 26489 -1 109 2183 -1 28871 4978 3919 2703 8841 15049 18404 
2125597dfa074cb8de2d -1 4978 -1 109 -1 3501 26568 15299 -1 117 24347 29567 3759 26687 -1 
2411c3e99b2f3e373ced 4337 10722 12726 256 21602 930 -1 6905 20526 10863 22959 21515 41459 21581 22564 
24186444ca010b05d020 -1 24812 2564 -1 5592 -1 -1 -1 -1 18203 9978 1909 16517 2640 4222 
272893fc0e51490d5fa2 -1 5416 33235 31900 8406 4041 -1 -1 27391 5658 -1 16087 469 -1 17792 
279d5952a9be7f579978 -1 4147 -1 1038 -1 157 149 -1 2227 10041 5050 7914 -1 2296 -1 
27ba2b874bd7d62c9b44 14295 -1 338 16209 5840 15042 14594 28509 23921 33880 25852 27917 2426 5421 352 
28422af3d4b2b9d5cdea -1 23335 27584 4015 30029 4000 117 -1 2418 13326 -1 25662 35786 42547 -1 
28ffb21500fc3bb698a8 31455 -1 29129 6708 1403 39979 1443 34281 3157 9453 -1 527 42660 -1 23438 
29b41968ec6a2ab19e1b -1 8860 -1 13035 3559 338 30 11585 5229 13736 -1 3725 20663 636 210 
2abc094f8f36e646a407 956 -1 16478 883 35632 -1 -1 13158 30680 210 6547 13708 12333 33842 39043 
2ba19d612b972d4c693c -1 -1 -1 -1 -1 33775 338 -1 -1 -1 -1 -1 34056 3674 -1 
2bc2e01e35c97654f3c2 40942 33973 13985 9251 40029 3682 29805 2322 25461 -1 19877 8423 1398 -1 17888 
2dc959fad06f568a3d83 21482 37543 4732 19935 20364 22103 5494 -1 -1 -1 25355 -1 160 -1 -1 
2e288d7a3f84be05f551 -1 -1 -1 -1 2084 7480 16396 34862 -1 4109 13330 1401 26345 1701 1615 
2fc18c30f498f650ca6f 876 17739 1009 14315 12706 7475 18842 563 -1 4701 25210 33688 4452 2505 14993 
32df563028eda3bff892 29834 -1 21085 -1 -1 -1 109 -1 396 2794 -1 2874 18585 18736 -1 
3459dd00f9df540679ed 14240 7162 8697 -1 2821 -1 12153 19273 5817 35456 -1 -1 36438 22705 577 
3535fbfce8a1d917f7f1 32008 -1 -1 -1 11592 9962 32829 -1 21567 9321 15434 2498 40701 7452 3401 
3634fbb13c1671e93c28 18443 4403 30501 10618 3613 11399 28838 3158 8637 6305 1951 -1 320 22007 26210 
36a126b3940e555a2e98 36813 12590 -1 12732 883 -1 6421 37115 14866 9776 12769 22980 35600 17654 36380 
3a4ed82e397d5443bb4d 1366 38474 -1 -1 2632 16659 -1 2426 14098 109 2795 -1 -1 -1 37673 
3a5e7836eaab56089baf 11083 14018 -1 31713 40557 4096 -1 21674 22376 32191 40555 31751 2272 19257 8406 
3a917572e2ebfb572d1c 37857 1421 1292 -1 43020 476 2144 2229 1288 2463 18677 1250 -1 210 -1 
3ad96e24dd6e3100a6f2 21674 22604 115 21497 23742 23743 256 636 21496 21624 21126 16447 1140 780 22427 
3c5c3b78f5dfcf61f2b5 -1 -1 -1 230 21425 3491 38252 -1 16104 905 9210 31460 -1 160 -1 
3c6f2b4cb4a10781eac7 1907 117 3127 2206 3129 2761 39 5423 179 3610 -1 -1 1139 4147 19 
3cd63801ecc40da45b7d 32355 -1 -1 -1 -1 6218 -1 -1 -1 -1 32280 33116 42047 2264 24623 
3d5f1ea3ffbeae639735 -1 29581 -1 -1 -1 32280 8510 42006 -1 15301 -1 41388 -1 4178 24229 
41adea982d7428f36c5d -1 -1 -1 24225 -1 -1 987 41345 10760 8338 37236 33572 -1 4494 34036 
423fa2f22444ac0aac6b -1 -1 -1 29801 9838 2658 -1 -1 595 6373 27449 -1 -1 -1 15336 
4254aa4ecdc44ded99c5 242 -1 26289 4000 -1 5107 16432 14736 -1 -1 24683 -1 24412 -1 13838 
44635f9b18ce5e3ff5c0 591 21053 39476 32139 16759 35636 -1 23740 1896 10815 347 12333 1373 3886 356 
45078394ae98c3863769 22259 -1 24256 -1 4703 4305 -1 -1 35062 1889 23025 37 40850 27449 -1 
48c904eab57f7622b7b2 -1 -1 -1 31455 -1 -1 -1 -1 39759 -1 32351 3539 -1 -1 417 
48e459a736c5fb08900d 417 -1 23381 836 3539 -1 4821 476 -1 659 2167 2234 -1 34696 12866 
49494cf454f53f47b08d 1630 -1 13439 12825 24431 -1 19605 6529 4000 38372 -1 1907 25355 4279 3034 
4a2fa2f8223800f4888d 33936 38240 -1 7259 563 8594 -1 33990 338 33985 1245 31614 2667 24347 43111 
4a4e9bb1151d14dbdd9a 3084 -1 30680 -1 17432 2349 3729 42796 31260 -1 -1 26034 -1 30062 31537 
4af158c0649c0ef0125f -1 26901 117 256 -1 22377 905 -1 2602 19943 20292 1612 -1 -1 23542 
4eb2d983380c60a7b74a -1 -1 29628 6541 -1 4 5402 7804 417 1177 117 5190 1583 210 3536 
526254ae74b77b40bb2d -1 8870 -1 4157 791 -1 31147 1971 32829 12098 7934 4276 -1 108 35144 
5270a78fb4a78a9272a7 13247 34397 5970 15951 405 13253 -1 12467 19890 19372 3766 -1 2659 2993 37 
55265588723a89cf927c 21868 22089 117 21916 23787 -1 256 14013 13928 21471 636 1443 2599 37358 23061 
55889aaceeeeaff9ead0 34984 -1 -1 34862 1827 -1 314 -1 117 6971 -1 -1 34472 8896 14317 
55a660288fc19b46656b -1 5262 -1 43206 -1 38424 37676 -1 -1 -1 -1 -1 -1 -1 38503 
55b4a7a9a760ac60a83c -1 -1 -1 -1 31936 35087 -1 117 -1 12212 34356 6509 38645 2379 4078 
5833ee91b043e77859d4 19780 6537 5643 18226 13017 12443 256 18296 5070 22 -1 17633 4449 18225 4532 
5b0713b09d3d35a42e47 -1 -1 1244 -1 38686 24729 -1 7154 8543 -1 6768 27457 42716 -1 -1 
5b4004d91fe1939b4067 13231 16319 -1 2659 -1 12520 15267 35619 6536 13187 12969 12522 20691 22420 13204 
5c0fb591b9640e4d46fc 31888 32328 -1 32148 32329 -1 -1 8 -1 -1 6508 318 773 -1 -1 
5ddd6f52583527204139 636 1739 21710 21515 23732 256 -1 22084 21916 17998 2537 3491 -1 1287 13385 
5ffa83a03eb10feeac2a -1 7263 -1 1907 23913 -1 -1 28493 -1 29065 22741 -1 3442 28252 2681 
60e3fb2d965b5a2ce0ae 3816 36605 7789 32829 14 7292 9192 15964 -1 2725 29257 23268 3549 -1 -1 
60ec7d8d79f5e3aee411 760 14328 86 28727 3621 8058 -1 30 24627 2177 13319 256 584 2107 35243 
60fac620de576d222bf8 -1 12590 7170 14058 2659 2556 -1 20454 591 36094 15472 18782 13231 15267 3032 
62b47a20e1d4d6d3c0af 36544 1288 4726 -1 3539 6828 5506 4203 -1 210 32967 31760 417 6230 1951 
658cf979d4053dfad8bc 6171 2822 21834 21916 23805 21848 23806 23807 7869 256 21838 118 23808 15864 1409 
6773e7c9fa196e09e070 4962 7394 -1 442 30 32195 32194 2084 917 -1 2620 -1 31991 956 -1 
6b92682b123df1ce45c5 636 -1 9630 5946 12369 19350 19356 23269 21730 4867 18224 20325 14036 11220 21515 
6cecfeb4a5c9a558bbf6 16209 12769 1250 21198 25095 20839 3589 13114 4388 13035 1398 160 -1 4391 -1 
6f90db35054e57b8a57f -1 -1 14436 12991 12176 4532 -1 15392 1995 12769 12442 13539 20021 4558 2659 
6fd68faee29b76c50f68 15683 16685 -1 9466 18966 13928 -1 -1 109 -1 -1 43323 -1 5589 1534 
70b4d5ff1cf97f88297f -1 23732 3034 21538 23919 17377 160 -1 -1 -1 -1 23740 21964 -1 -1 
7102cbee26f34e229043 -1 29417 -1 2040 996 15928 -1 12572 25172 34623 -1 4305 4415 -1 86 
715d650943156057b01c -1 33853 -1 -1 25807 11175 29325 -1 -1 19677 1105 -1 3549 2498 -1 
718d59df5ac3c47e25d4 -1 9323 -1 8026 8360 35062 -1 384 109 -1 -1 2740 22894 27449 -1 
7239ccbeccba28854cbf -1 -1 3994 -1 2168 -1 534 2167 -1 30 30708 33572 7286 -1 -1 
73a9731b21ac55bb0935 21497 3227 -1 -1 7279 256 21562 18430 8901 12637 18807 7694 2599 999 -1 
73fb9d664492e47a7120 -1 -1 42444 -1 -1 -1 4313 964 25802 5767 210 -1 6230 563 -1 
743c2ff5dd083d5e6379 15181 250 31675 29129 6230 6402 3390 -1 34911 28910 41245 2799 3491 117 427 
745dd976df5a350259a1 -1 40118 20045 13458 26543 20332 338 3559 5617 26697 818 -1 1434 3621 1431 
759526c08053fcc146aa -1 33438 117 33428 43228 9429 -1 33814 -1 30395 118 30 3491 7646 -1 
77e0d573627a2c2effbe -1 -1 20335 -1 7678 -1 4145 996 -1 33329 -1 417 10818 13124 4767 
780f77583b286dca72f0 7162 7170 36569 3206 981 37919 7167 16796 -1 109 -1 13925 35477 18847 12468 
7a6a02bad3e3ceb9328b 8734 21970 709 34709 4434 -1 22894 -1 1239 14405 2427 -1 -1 35132 34359 
7ad161013a68fa0e09cc 3408 -1 -1 -1 -1 -1 -1 -1 -1 -1 -1 4391 -1 10531 32850 
7aeb8eec874a36c67547 -1 5355 -1 18460 6643 -1 6284 42052 12251 27778 31497 39742 25342 210 21884 
7be7c48e91f30e8585e2 -1 31853 35041 3764 318 11592 9641 -1 561 -1 32937 3491 29574 185 -1 
7bea9c98153ae5714789 -1 17665 21419 -1 -1 -1 35632 1827 -1 -1 -1 67 37210 -1 36981 
7bf146e93018e2a9d5b8 4677 285 19 360 667 109 3610 195 3635 2206 30 3491 -1 2073 37319 
7d339705c466203f4423 -1 -1 26762 -1 109 -1 -1 13985 29252 22026 -1 3919 -1 24147 -1 
7d7cf09c52c143e48d44 17446 3548 3210 31566 -1 3491 8762 -1 43143 -1 -1 8561 36536 -1 3458 
7dcdad65c7439df07b5d 1555 24464 -1 30026 6577 -1 -1 3548 787 818 -1 3491 2680 -1 -1 
7f77b63a3a7ab97d43d9 -1 -1 31479 -1 2986 -1 157 1260 417 4018 9210 429 -1 -1 3539 
80b16d40a00e5cbb0a01 338 9661 210 563 15173 5506 5984 6143 7314 6576 2463 31863 37857 1398 506 
82196d35f1bde6be157e 3376 109 -1 595 -1 5113 2970 1096 8768 6649 164 8769 10857 2002 8070 
83758c6e6216e958d296 11919 18115 -1 12111 32909 9101 31264 36162 7756 30 1583 17333 26297 -1 6363 
84f907646abcc496cadc 21835 29443 6171 23655 5561 256 -1 -1 3049 -1 17546 5492 14542 3526 -1 
85677d537df3f0cc689f 1394 -1 -1 3871 26407 31051 5367 -1 7372 -1 31497 11135 -1 1263 7535 
85b78ee19b91a4032164 1907 4978 24530 20364 -1 -1 -1 -1 2681 7453 28871 28395 24677 109 4715 
865bd3080c3801200368 22855 4813 7870 31808 23139 31210 13937 23764 19273 417 19872 -1 2369 -1 4138 
87def4b4d32ff9dc7a41 8685 38246 -1 38752 38614 33846 31287 -1 7741 38837 38245 -1 -1 5276 38185 
87ef19124007d82f8b7a 34456 -1 13805 -1 18388 8360 5202 27449 -1 -1 -1 -1 34429 322 6380 
88e22e8fe06b93284bc8 -1 -1 -1 -1 43007 8900 -1 -1 16104 -1 -1 -1 -1 -1 -1 
8966bab4552142cecbbb 30306 -1 -1 32822 42088 1264 2349 26485 31576 596 -1 -1 490 384 -1 
8af3bfe6b0b22eb0f94e -1 23421 417 43015 -1 -1 -1 -1 23740 43073 15908 21605 -1 -1 -1 
8ed74a344940a299923a -1 -1 -1 -1 -1 3614 14222 16367 3242 -1 -1 30 3491 -1 -1 
8fb1f0b335fec504193f 34877 2168 2167 3767 10158 35141 9509 30 3491 4391 4714 -1 425 432 -1 
8fb32bef87e5560ad809 -1 -1 16659 9504 13930 5576 -1 -1 801 1007 -1 -1 10372 -1 26820 
905b64af2f385344a01c 25159 11262 13675 4745 157 30500 36079 37057 24985 14736 117 11353 -1 26419 21882 
908523fb2763c5102311 -1 -1 12185 -1 4252 -1 -1 -1 -1 -1 -1 10761 -1 -1 -1 
9168d7a973b6b2b4621a 28493 -1 39119 21592 -1 688 23198 29098 25027 3034 -1 4015 8026 21594 -1 
9184e4e883891c7883a3 -1 25528 34148 -1 2681 12175 1380 3997 2032 4715 876 3919 1200 -1 -1 
922cc57d9792919a49de -1 314 5772 30943 39846 -1 -1 117 6380 35206 -1 -1 29952 7936 -1 
925d749450eb86085d87 -1 -1 26658 8901 16164 25344 35958 -1 -1 4135 24863 16203 4418 16716 210 
92a0c6d554e76a544cf2 2006 -1 19065 -1 -1 39292 31408 25795 -1 -1 32813 9855 3548 -1 23796 
943faa9b66446499fe2f -1 -1 -1 8361 35062 15928 6373 1748 27449 -1 -1 -1 34516 109 -1 
94b6e6c283a4413ee0aa 35239 6926 15084 17586 12259 347 7520 484 109 -1 -1 -1 688 -1 -1 
95df6c2c81faf60bff67 34191 34564 34763 -1 34327 -1 8458 -1 -1 836 15928 22204 1343 2242 -1 
97b457a69060f38fa4b4 16375 18056 7143 14276 12391 577 11938 13602 30 15310 -1 17203 14562 7020 15132 
9c61964c6b716b75b742 -1 421 -1 3871 -1 -1 13202 16936 21048 18395 3206 13200 13609 13610 29896 
9d6c4eb24b47099c56ea 8655 8654 179 278 -1 9512 -1 3394 -1 -1 -1 -1 2578 -1 268 
9e03cdf569df0e99a4a7 -1 -1 -1 -1 100 -1 -1 -1 32077 -1 23569 8361 22894 35331 7399 
9ee04e6b33956d5fa998 -1 30943 25853 21697 -1 -1 42128 -1 -1 11678 40422 24323 1194 -1 -1 
9ff1416fb546fa3cfce7 -1 33557 8844 3800 3491 -1 37857 30407 1755 -1 3923 2229 -1 23714 16603 
a0a8e4ed9d9115d7a205 2986 -1 -1 -1 1555 17178 10056 16164 -1 1200 -1 117 -1 14382 33712 
a4b4a3198c8b2c215fa3 9321 -1 34271 109 256 391 -1 27284 -1 26953 24233 1398 9571 -1 188 
a64441389263ec9a2966 -1 30943 25853 21697 -1 -1 -1 -1 11678 42128 1194 -1 -1 -1 109 
a661b318bdb51b9712bc 20469 27612 15324 15799 25604 891 12961 13317 13017 13001 11793 12969 6421 356 15461 
a70acccafb7a8975a6f6 -1 2006 117 384 -1 2478 338 26773 10137 -1 1385 -1 11926 -1 3393 
a71a9242518a74c63daf 33746 -1 -1 3729 -1 18823 24875 2470 8295 -1 36764 117 10774 -1 -1 
a7e27aa6c8e29d05e0bb -1 -1 -1 8361 -1 34362 31936 28414 6592 836 -1 22894 34623 15143 35066 
a8a8fdf630b2c5827ace 41517 -1 -1 2579 3210 389 2498 3491 864 13985 1249 563 32458 -1 29781 
a91ac4bafd3834165ba3 4680 12137 109 306 4679 728 1623 -1 1816 285 30 399 384 117 12024 
abd96e92793bca19b0da 12933 905 256 20251 14648 12443 4703 2073 780 15360 2537 1028 -1 33358 2314 
ac5689c4df329fdad32c 19452 13040 6230 -1 -1 -1 30452 3480 12240 3725 17862 11969 -1 36607 -1 
acf153f877a124b90d36 38638 5416 38381 38641 38190 1244 -1 2463 9504 803 6576 1153 26789 38843 1268 
afb22fe0123c472c97a0 -1 384 117 2006 -1 338 2478 -1 26773 883 26759 -1 10137 -1 374 
b1cc9420d5cf86f4fa55 -1 160 3881 16659 338 33618 4831 38291 2596 -1 38622 15163 36399 9618 2470 
b1fae7135b2f361b27af -1 19213 -1 3870 3367 -1 36224 4701 1260 4418 1996 11220 13478 746 2206 
b23bc215feefcf89aa9f 22256 35940 10381 21560 -1 -1 185 30 13516 9726 -1 13681 18005 37097 -1 
b2b0b43542e0ef9bd619 -1 -1 -1 -1 8982 -1 -1 -1 41241 -1 -1 27397 42852 -1 -1 
b4b3dbdfcf980a7cdfa5 3398 -1 10137 13984 1861 5970 4079 3997 249 9504 157 30833 6489 11343 1200 
b679f71bbabf19557076 22365 26099 16705 -1 256 22037 22474 636 7279 2920 22181 27360 -1 -1 -1 
b82b6e96013428986525 -1 4281 -1 25196 2006 -1 132 956 -1 25197 384 2478 374 24926 16747 
b87013e565863ee8d781 -1 37236 15069 16633 -1 16320 14525 -1 14199 4301 -1 11678 3919 14828 532 
b9997864515e0e00ccc8 -1 11838 -1 33482 30549 -1 42468 -1 16164 3923 338 33479 -1 9210 -1 
ba4fb88d674ac8379647 5416 1365 1244 -1 -1 20582 -1 -1 -1 2599 -1 42985 13285 824 391 
bae11dd154c5dbb0dda0 9395 21513 21576 662 22057 10571 24096 956 132 6273 16344 23588 170 8416 24099 
bb947670d1e66464ee79 2011 -1 285 730 242 109 30 -1 1720 308 19 775 3675 6738 667 
bd3541a2e9b98decfd1d -1 -1 -1 24186 38578 -1 6730 2688 4938 485 5370 10959 3060 2418 1201 
bf1a65746282d7131cb3 6776 36399 17519 2460 38752 17546 31261 7849 2573 -1 -1 -1 883 3253 -1 
c04f7b91c36dccb4732c 7162 4427 7170 -1 1121 117 36123 9365 12710 5475 13822 22233 21509 15472 13243 
c269b4e4d5f107c7988d 42031 -1 -1 3982 1583 -1 -1 35543 100 -1 -1 24800 -1 -1 -1 
c2c41a6aaa23101c2be9 26022 86 18568 41102 -1 -1 -1 34867 3683 19929 15135 195 -1 8661 27449 
c4e2152ae8e80469694c -1 12339 12019 -1 31095 -1 2675 7808 117 38254 30319 12862 3919 250 28978 
c56fa77be0448630d481 -1 8202 -1 38202 3286 949 17542 -1 109 8795 3560 -1 10976 2799 5679 
c627b0c62df5d6359b62 -1 4281 -1 25196 2006 -1 132 956 384 -1 25197 2478 374 24926 16747 
c65dd91d3ce60fc551a2 34485 -1 -1 -1 -1 -1 -1 11070 -1 -1 -1 -1 -1 -1 -1 
c66e548f904d6c5b8344 -1 11140 3539 7372 11914 7785 1250 2229 31575 12078 33682 22695 -1 -1 34452 
c6bc8f6ccad1f16b1f84 10007 -1 40705 42983 33818 8069 880 25013 -1 417 21121 10760 9210 11200 18935 
c75ba14939b7eb7b408a -1 -1 -1 -1 34973 24186 -1 -1 -1 1074 6509 2183 -1 29801 -1 
c797b8bb030575192814 7162 -1 22301 1264 17652 3038 16855 7189 346 7172 16260 14628 14116 1670 19273 
caf5081115a801845be3 -1 2740 31254 1582 13155 -1 -1 3049 3687 -1 -1 -1 -1 824 -1 
cbfaf571ec5cd8e2442c -1 1907 13324 20336 1200 25612 -1 954 880 -1 -1 42982 -1 26157 4656 
cc3f2bc25e56950a84d4 -1 30749 2115 31227 30860 2890 -1 1583 -1 -1 -1 9853 6300 -1 12090 
cd9161a20660b404e5c1 13243 883 -1 36435 347 17654 8937 7849 10120 6292 10350 3113 5323 30 6289 
d09fc72364402df42697 338 4138 11802 24658 1836 10110 1028 4956 16969 6576 595 7402 417 6828 476 
d0a1d69eb57a04758ab1 12590 1201 1507 -1 18860 -1 -1 -1 15072 18824 -1 20633 13207 7465 1976 
d10fef93047854f83c95 -1 13538 -1 -1 36402 30392 -1 -1 -1 32724 1273 4395 39705 -1 -1 
d166a05ffcb86dfe5970 -1 19965 24121 210 24765 3091 563 3727 7530 16889 2426 2599 30928 18677 12002 
d40e4fae010cf3fcfeaa -1 -1 -1 -1 -1 41629 -1 -1 -1 -1 31886 -1 -1 22346 -1 
d41d6bf953ca44f88a34 -1 38332 19708 338 18897 9661 38334 38641 38416 26681 38678 -1 7013 -1 2113 
d6008bc821a3405760a6 -1 -1 2986 -1 117 5018 19864 37513 5772 4000 3693 35913 -1 876 25169 
d6bd7869e432c1b3a389 -1 30 27735 25160 -1 27344 24316 -1 242 109 3491 999 4753 -1 3500 
d823f2254cde05324f64 -1 -1 33936 -1 -1 42610 23835 11662 -1 3812 42935 -1 1149 210 -1 
d8717fc8ad6a6787a3d3 655 2896 -1 285 4274 2068 -1 -1 256 2560 5958 5433 18061 308 11399 
db96fd8c958d3c981eec -1 6171 22303 21496 -1 636 256 22248 23139 21529 26875 4701 -1 22604 -1 
dbfd3a0ab8ac0dadd31f 31339 7940 33391 43180 -1 -1 43201 -1 8338 16249 19169 -1 33400 33465 -1 
dc14767d1fdda4a78af9 -1 4964 13838 39365 5443 36041 38269 433 2464 22995 2349 4745 -1 18403 12346 
dca36f6b828a6d55240c 9871 15807 1829 14365 -1 -1 -1 -1 2098 14373 3786 -1 688 12909 -1 
de3f1f22b7c3cd66f528 -1 31479 -1 -1 -1 -1 13697 20354 -1 -1 30062 -1 -1 -1 2229 
deeb37b91291a70eebf6 -1 -1 15299 109 -1 4719 6527 8768 -1 1555 1247 27986 24406 12175 17403 
df0aadccad84afa9c93d 9967 -1 7753 26345 4810 35349 2740 3891 20423 11428 27449 26073 1194 -1 -1 
dfe90a0697157a3c91b2 -1 12466 285 746 -1 308 -1 5423 185 39 -1 4064 -1 5070 108 
e49de0af94e1a10a327b 32636 -1 22959 -1 2537 11595 15457 -1 2843 26035 41918 12112 1105 32692 2264 
e6ab1664487c3a1f470b 3887 933 105 39 795 4322 505 210 530 6910 824 5531 7026 23740 1020 
e6c195372573b3cc2fa9 32716 -1 -1 41713 -1 -1 -1 -1 -1 -1 -1 33003 -1 32550 25092 
e8e347b19a8a121eb559 22154 3227 1140 -1 -1 3891 -1 -1 -1 8119 17104 996 2404 6273 3374 
ea1ebd4261dc7040f129 824 -1 19350 14331 15650 -1 -1 17826 17180 35565 3539 117 7021 3871 -1 
ea406218a1676de6d94f 256 636 30 21654 21515 -1 259 837 21560 -1 14352 21650 6899 3871 3857 
ebab81d8007cbb4090e9 15683 3727 2899 21263 13509 15461 956 38059 -1 -1 3491 -1 -1 -1 6171 
ec28167b112442f37945 36702 883 1293 31872 -1 13904 -1 -1 10018 24282 23740 38560 8311 17135 836 
ee84606f14a93f03e21d 30110 86 23318 18882 12690 22168 21871 21685 12687 -1 5258 22376 22302 -1 1201 
ef36119a8c0ca69dca08 7170 7162 -1 3064 7561 203 35826 818 2032 42132 17750 12488 34549 36894 20822 
f170381186e82cdd3d4c 1061 11013 25401 31703 1306 7520 43186 1077 -1 -1 40870 5727 31660 30 3491 
f2f6c47f897db153fffe 25158 10789 760 12175 24393 13675 1907 -1 2177 2681 24147 3336 24613 24540 3034 
f3a9633ab2316eb0145e -1 160 3881 16659 338 38291 33618 4831 2596 15163 38622 36399 9618 2470 38837 
f461083fc9ec43eba680 28808 -1 109 -1 38213 11890 38913 5902 596 -1 1200 -1 -1 -1 -1 
f4b7b599d77d15be46d3 12333 36301 956 14058 6421 -1 30 29677 35636 13290 185 12534 32123 1583 13965 
f51c88e43d68d553b8ad 17662 11404 9315 10830 5426 2434 285 1002 655 -1 3764 8296 5423 1448 -1 
f77a95c352510f47b98f 43373 30762 -1 37543 16659 -1 24401 30293 2795 -1 2114 1586 -1 42401 -1 
f8a0e785e3159f1ca31a 30749 -1 4730 956 8628 -1 -1 29063 -1 -1 5179 -1 -1 29239 8795 
fa18d478c16dceed355c -1 11140 8543 3393 -1 4978 11743 24347 -1 -1 37276 -1 118 4717 31444 
fad5c2bc49b54e498ddd 17501 2697 12546 18516 1695 12963 8970 4061 109 115 17104 14 16667 12383 13371 
faf2b5f1a8c514d4dbb9 -1 2417 2003 -1 26058 19224 24599 5647 17175 -1 4956 31948 -1 13741 2993 
fb465c67bb537c2bde65 -1 -1 -1 -1 822 32724 799 -1 34564 30 100 -1 117 109 -1 
fc4b7e5d2be3b77244aa 876 29764 17742 24393 11087 -1 -1 -1 36887 -1 12945 -1 109 21875 -1 
fd8c2f9472514ee06e71 31356 38328 -1 -1 -1 -1 -1 -1 9354 -1 -1 -1 -1 -1 20105 
fe7fbffe1053ac310d60 3408 -1 -1 -1 41639 -1 -1 -1 6805 -1 -1 43017 -1 33819 -1 
fee0525d6244e637b7b5 5543 2068 25856 655 -1 2388 1435 21125 285 352 6563 469 -1 -1 17420 
ffc1cf9fcae3d145083e -1 19617 -1 2703 -1 29571 8664 38538 -1 1373 -1 27701 8937 7756 29465 
