003a5ca99ae62fcfdeef 3548 4767 6166 43088 1251 1837 417 7479 24233 6828 1105 38468 43089 43090 7595 
00aaf68f73636b85beff 33429 117 42839 -1 38547 2379 799 31339 32805 -1 30295 43218 8393 43224 33430 
00b58d4f31525d5da7ea 15472 19592 2398 3589 3723 18392 12475 10849 9471 3668 900 -1 3727 10466 2498 
00baab6456743ca4ce19 30826 1286 3817 31326 10956 2599 31290 31327 31328 8937 31329 31330 8406 31331 2791 
00d4e948cb0ac606c647 40874 40875 31808 39814 40876 40877 7847 40879 999 30 40880 431 40878 10946 21041 
00fb63edab4c44c8c4da 30929 31185 10471 10812 31186 12547 25344 13574 31187 31188 11689 31190 31189 13144 5355 
01597c41b0c609513aa8 33969 1907 27580 32092 33970 33971 33972 6200 33973 33974 33975 33976 33977 33934 20845 
01764e6691a389a8b85b 8437 27156 -1 -1 -1 864 -1 24770 -1 -1 2681 -1 26283 7854 2799 
0176e5486eee900b6fb2 -1 33674 24485 338 11082 33642 -1 -1 33646 761 25279 1245 1244 -1 687 
017d850737369339e266 31064 210 117 31065 30367 31066 31028 31067 31068 31069 9653 31070 17536 31071 3994 
02328e1e8277f83c4dc7 29643 9268 31578 26230 8762 31579 6277 417 1148 31580 31581 687 31582 31583 31584 
0250be2ae84055db9d92 16260 12507 -1 -1 -1 662 12367 -1 -1 -1 -1 -1 577 4288 2796 
027a08ec17f264519273 19065 35689 954 35690 3674 33919 28321 15457 12880 35691 389 19102 6768 243 39138 
027ccec715cfdbcfa9cc 32088 40770 40771 7300 40773 40774 1177 32130 32070 40772 6416 8978 8493 38952 5094 
028e62067ad39d9a17f1 20504 35297 1372 647 35382 32408 34366 -1 2234 25881 7100 21320 -1 31813 22986 
02d5b4d7507c0331e3e0 30232 30233 3380 20422 11950 30234 30235 325 20504 10509 7100 10761 804 4415 26034 
02fc5a954dc4945deb5c 23930 21512 2626 22959 10589 23919 23931 23273 21513 12351 256 5300 21602 6905 23932 
031ab0d1d0a00d08c812 43267 30860 688 37038 43252 33466 19169 33425 42494 -1 -1 160 687 -1 33462 
0353014b8b29a740e9d0 174 15960 3766 13231 5775 20178 6421 688 1626 -1 20275 -1 12991 35579 4418 
036a0c2e949ceb0ad8fe -1 -1 9641 543 3549 -1 21276 34747 -1 462 -1 3539 27399 9871 16628 
03e18c2691b4399855b3 40349 -1 24022 9955 -1 17338 16763 17172 38123 35656 25617 -1 25169 2384 -1 
040255e85e18fcec7dc2 441 434 930 39 5288 2488 8311 7006 436 210 435 1700 998 -1 -1 
04293bb4e1ab03ac229c 33846 2467 -1 33750 -1 -1 1584 12212 5516 38526 -1 -1 3705 -1 688 
045360d317046f97d76d 30670 2407 -1 43212 -1 14267 43296 -1 5516 43228 33391 33423 18308 -1 9478 
04664fa6ddf41c3cf168 20504 35297 1372 647 35382 32408 34366 -1 2234 25881 7100 21320 -1 31813 22986 
055fe8f73114b53adf02 32424 32425 32427 32426 32428 32429 32430 32431 157 32432 32433 32434 32435 32436 32437 
0577fc5b9025e0be6c35 13016 35627 -1 -1 881 12762 1373 8311 883 7560 35636 24011 6308 4418 24733 
058e8cdaccfc3a84536a 2098 1260 461 24200 21198 17564 12654 405 8995 577 39559 13731 39560 10694 36342 
05c69ad00986ea627377 11140 33818 33930 24186 35829 8594 8605 5630 32411 38999 210 26396 31500 9210 -1 
05ee01bbba94946955bb 42029 33034 42030 32234 42031 22682 905 4491 32883 32504 40696 32419 32605 33842 42032 
0622849fc4d30a4c0cc1 -1 2107 1244 -1 32724 42115 5416 -1 38249 -1 38818 -1 13590 -1 2114 
06832127401ba6c30e55 33746 34924 -1 -1 3729 38291 -1 35526 33846 -1 2349 9394 545 4047 -1 
06d13e29392d2d86da88 39155 5058 39230 39348 39349 34066 54 39350 2117 39351 11690 30395 427 -1 -1 
06eb61d361a006897991 42378 -1 36973 30856 352 33413 -1 -1 -1 30293 -1 -1 34000 12078 13767 
0708439f25bea077e333 40170 40171 27533 40172 9632 39533 1907 16164 40173 40174 40175 30496 -1 30 160 
07e0d32e534a2d08b53b -1 -1 -1 23268 -1 -1 -1 -1 29388 30375 4748 -1 32313 33533 -1 
0858f011e07334c6c766 31221 31243 22415 2525 31244 31231 31245 30929 15683 18183 2463 210 3781 3539 9516 
0879196d45484c55bb41 40619 179 4813 541 40838 39 2168 591 31808 31820 2860 2167 5727 31714 374 
088e7b00787aa92d326d 42375 42376 42377 42378 2115 9431 42379 42380 3337 7021 801 1286 42381 33506 8672 
08b2537d441ca3dc1140 34088 11696 3816 -1 1907 4097 5772 16752 40701 16164 8449 243 30 100 431 
08dd9dbc8a8730407b44 30755 17822 39707 24665 13245 -1 30749 453 -1 -1 -1 28351 20737 14564 -1 
09386fcad4f6c01ad6e3 40170 40171 27533 40172 9632 39533 1907 16164 40173 40174 40175 30496 -1 30 160 
09722fd93bc4fbd2796f 6291 16380 15769 14604 14656 14562 7403 14575 16770 12781 433 1118 21391 431 -1 
098a476fb9c4e088d02f 8437 27156 -1 -1 -1 864 -1 24770 -1 -1 2681 -1 26283 7854 2799 
098fcf9fa09355a8fe8a 20657 21650 256 21673 118 21564 23281 23837 1096 8684 636 21496 117 23601 2073 
0a6f38f31798754dc46f 3353 -1 -1 1126 543 1184 -1 -1 8474 6 164 2227 -1 15457 201 
0a8385fdfb6002de3fdf 2493 -1 23295 -1 -1 417 -1 -1 -1 -1 37798 -1 -1 -1 12894 
0ac45df87ecab2f4d3a1 38311 38355 -1 38339 31287 34241 -1 1282 -1 -1 2470 -1 -1 1244 31242 
0b4648e9ab2c9a6cf11e 42605 42606 42607 417 42608 42609 31575 1249 7785 1250 659 2349 7148 31419 22703 
0b823c10d2dacd008c0d 33523 7330 33524 33525 33526 25365 33527 23356 33528 12213 11200 3539 33530 33529 7120 
0c1a0da0236214cbcc90 31493 31492 31494 31495 2498 31496 1251 25996 7479 2234 18935 31497 31410 31498 11588 
0c3ddbca0fdb9a9d1147 21290 21291 34621 25172 34117 12572 17869 2667 11696 24812 34109 34622 30288 30303 34623 
0c6bd2b300ce38d717ce -1 1287 26206 4391 956 -1 1167 -1 -1 1293 -1 1434 -1 -1 -1 
0cf0a44cf6525a7d096a 31704 31838 31839 31840 31841 1398 5727 1111 31842 195 328 1963 31683 7372 17665 
0cf64a0181490c793185 40705 31752 591 31765 31751 31882 4813 30005 1403 -1 2404 18612 8978 38409 427 
0d363eca6a17dde36fd2 10365 24403 352 29039 38474 7216 2703 38246 2785 2115 7016 38868 20561 34241 2791 
0d57677777352a24567d 43282 30947 33462 33417 6735 25326 24533 43189 43228 1003 16249 18308 -1 -1 -1 
0de39147c9ca3e7dfa81 808 39 5222 1344 3232 7 6623 12090 -1 5359 3372 8513 -1 506 2103 
0e4966ebe5092c10091f 36530 36531 11433 13429 36532 36243 19004 2073 7802 419 13276 2345 25136 17128 12842 
0ebc386aeb843ba103db -1 -1 -1 -1 687 32410 18370 -1 2795 -1 -1 -1 -1 -1 -1 
0ec864dd9cfe1a60bc3d 11140 38335 31426 5416 43315 -1 836 43318 33696 30860 -1 37038 14482 24186 12090 
0f8b7a5df817e365dc96 30293 31339 13243 43290 42493 15527 5516 7940 6285 33429 38544 117 5416 42839 37677 
0fbb4b787e78f7100b47 1595 40284 1140 406 3984 -1 4862 18314 -1 -1 4889 11439 -1 -1 -1 
0fd1e61470c7cd5ceb90 2368 1096 30 425 688 43146 29224 16727 
1 
10652988a369b7476dbd 31319 31320 2113 31321 16671 31322 31323 2388 14285 31324 31325 24401 16164 27533 3560 
107720c3a4319dda116c 8668 338 22269 8667 26485 12372 1264 38332 29332 12732 3712 2573 25344 8672 1105 
11 
1102cb8e9679be18b00a 31423 31424 31425 31426 31427 31428 31429 31430 31431 31432 31433 31434 31435 17432 31436 
11480ac458f251585d19 -1 32328 41857 -1 32631 18627 32296 -1 32280 -1 32963 -1 41863 1403 4841 
1153ac202cf4e49abb02 25201 31714 40921 9434 9516 40927 40924 999 40926 -1 30 425 40925 -1 40928 
11638ec0480429174cc0 417 1841 581 2300 352 2451 43136 3040 19561 43137 7846 5506 43138 -1 243 
11c624b3f6cca59ad13e 30929 31231 13144 210 31232 31233 9210 31234 563 2525 31235 3539 31236 22858 29333 
11e30ef3acfe08fcece3 -1 15712 30143 13593 30144 1393 6502 -1 13596 9614 2342 108 899 13595 2630 
120f8858bcdc66d97c25 4724 30249 799 7021 30250 30251 5075 30252 6162 29129 30253 2608 9571 21284 659 
121515d4faf294cb9811 16685 -1 17839 30 22888 -1 -1 14416 3367 900 -1 1968 39174 15272 -1 
123a9fbd143ef274c1c7 12212 31284 -1 1244 1245 16196 3729 31260 38747 31303 37676 41204 2229 7372 12078 
125f8b1a4cdabdb094f2 -1 -1 -1 -1 -1 32213 4337 41075 32568 -1 30893 -1 20526 -1 -1 
1264b55513dd299b3c27 34535 34205 238 32013 34536 34537 17642 22393 34538 9207 34542 34540 34539 34541 4082 
127ce85eb93a047e72e4 13736 38849 -1 -1 -1 38850 -1 -1 25852 38293 956 38851 -1 31760 -1 
12855572426090a4d80a 37328 36744 2546 42187 42188 42189 37172 42190 42191 2113 32099 42192 15691 38501 42193 
1296c854efe96986f68e 31224 31225 8317 7016 8561 31226 25344 25902 2349 2573 14111 7689 31182 19596 31227 
12d868242ad19382c961 31396 31397 2020 31398 31399 24209 31400 31401 31402 5963 1767 31403 23238 800 31404 
12fca44da9089b432e43 13562 1304 13791 14901 21239 2796 117 30 19676 21240 12831 14937 17787 3367 21241 
1305f75a67dbf41f8f15 338 -1 34013 42135 38947 42477 1431 14221 -1 33730 38276 22695 33413 11554 -1 
1315eae1aa19c90bb773 30232 30233 3380 20422 11950 30234 30235 325 20504 10509 7100 10761 804 4415 26034 
139474ec2f0a343743f3 11314 39622 11966 23550 26523 30934 15181 7728 35195 2640 39623 39624 6434 34503 999 
142fe773fab0424de2b2 24913 1286 473 7402 24401 5282 25688 28818 11171 469 42426 42427 4296 25988 42428 
1462884a2c5d3d16ba26 32716 -1 -1 41014 185 -1 -1 -1 32813 -1 32717 35543 -1 -1 -1 
15 
15eb5f7425d365c7221c 609 16051 36544 30344 101 -1 -1 243 433 30 34211 -1 4391 426 -1 
1615deb8c10b4d9819e1 42378 -1 36973 30856 352 33413 -1 -1 -1 30293 -1 -1 34000 12078 13767 
16933a60c64fa6598e26 41576 -1 -1 -1 -1 11595 41780 -1 32636 -1 -1 41918 10849 6905 -1 
179ce993213d0821f787 11026 5060 62 6541 14056 16683 89 12711 -1 3367 1245 14029 2963 2970 964 
17d42e0d0cb3042aefa6 31665 31756 1061 10959 31757 2860 31758 19873 31661 24960 31759 31760 314 25390 21798 
181c795009925a063a9d 31484 31485 31486 11843 31487 31488 31489 4808 31490 30399 2701 956 31491 5630 11200 
1836ba87e8e65d510b28 31208 925 31209 22858 1409 31210 25902 31211 210 3781 8033 3723 31212 31213 31214 
187aa2f74ed281fe713c 30947 243 949 3087 5417 109 374 687 12949 1945 7994 30599 1836 30948 185 
18876095b65e9b9a4ec2 3393 1954 31551 3656 31426 31552 31553 31554 210 31479 1555 25968 1247 31555 31556 
19651204021e0d35116c -1 -1 469 -1 8397 9577 29039 30186 33434 20561 -1 18370 -1 7218 3720 
19924a4e64870709a255 8882 31385 31386 31387 31388 31389 31390 31391 13996 31392 31393 31394 31395 28820 27701 
19c69ffc4d18eb6e450a 35283 9434 15538 20698 577 117 31315 -1 11082 -1 -1 16211 38867 -1 18814 
1a323fa081c2370a3887 -1 160 338 38892 3556 2703 38690 7021 18188 1268 33822 417 31632 7286 1431 
1a820acf8e606d2c95c7 12713 117 1968 12771 -1 12715 2368 12391 -1 -1 13290 999 185 -1 5205 
1aa1598fcc3727b47922 9429 799 17159 6701 242 30 430 43343 425 43344 4281 30440 11275 43345 43346 
1b30edcb4de1c8c2a766 28556 39827 -1 7728 21781 -1 3770 406 5 5971 -1 23188 -1 4974 1254 
1b5b67cca491403bf585 3408 -1 32620 -1 -1 -1 -1 29581 -1 -1 -1 -1 -1 41043 -1 
1b99e51d7db61e93de94 38824 -1 -1 30826 33754 3729 -1 42381 42430 31900 2795 29984 36399 -1 -1 
1bc6094dd629c0498b21 31683 31681 40741 18414 318 32119 32117 4558 31718 19922 31823 2408 2599 24110 575 
1beff324df3e5de3e432 31437 31438 31439 10999 31440 1954 31441 31442 16258 8605 13386 31443 17432 7021 31444 
1c2aded5091b6c413ca6 31493 31492 31494 31495 2498 31496 1251 25996 7479 2234 18935 31497 31410 31498 11588 
1c81a9dcaa3c7f77a6e7 30254 30318 30319 30320 30321 30322 6162 30323 30324 24186 30325 1264 7786 30326 28264 
1caee1fb21d13e01550e 31711 2556 688 101 11696 31712 259 109 185 31713 117 31714 12090 25463 31715 
1cc24e188b9f630797e1 32542 32543 32306 32544 32545 32546 18423 32547 32548 32550 32549 32551 27462 32552 41150 
1cdf1ab9f34168b9076a 3425 10883 12190 869 2238 3318 3032 485 12191 3935 35326 1413 4372 12056 1583 
1d1f752b3ed5eb545169 30292 -1 43228 -1 43192 -1 30921 -1 -1 -1 42908 6402 -1 33404 10904 
1d942d57d27a2a176c6f 3500 12562 13760 3438 13173 636 31762 7866 13075 19295 8684 18759 13395 2573 17634 
1de0b166ae31a2fdcd17 31414 31415 23569 31416 26289 8982 31417 31418 31419 31420 31421 3539 7678 876 31422 
1ec055f67576f9172b48 11140 38335 31426 5416 43315 -1 836 43318 33696 30860 -1 37038 14482 24186 12090 
1f031fad86058f68fdc7 3886 19095 6421 16652 1965 9516 54 1700 35451 352 13403 917 12769 3866 17525 
1f04466549c445940dd9 8287 35676 7649 35677 243 35678 21737 35679 35680 35681 2972 773 17546 2681 1201 
1f57933674924c6c3857 -1 6537 19708 1700 30 12856 -1 813 -1 12916 12443 117 2429 12391 -1 
1f57d14d9c292ffbe70a -1 10509 2174 42743 6578 10001 427 30 433 242 -1 112 861 42514 171 
1fb12c15e865261e51d5 35366 -1 12101 -1 1028 1814 1105 1108 1169 -1 6700 433 -1 427 30 
1fcbd858b65742b2e1d2 21247 14648 -1 -1 19985 905 3871 256 17094 1534 -1 13228 210 12933 -1 
1fd7a95ce8cd1370ec16 40618 31832 -1 33081 591 21443 17490 32148 8102 1297 2506 12090 30276 4487 13324 
2023bf421ed1ebfc411e 10365 24403 352 29039 38474 7216 2703 38246 2785 2115 7016 38868 20561 34241 2791 
21376f8bf10a3a924f19 36468 31234 1370 31231 42312 42313 31227 210 42314 42315 14747 117 687 10076 23220 
224028548592d9dab817 30929 31185 10471 10812 31186 12547 25344 13574 31187 31188 11689 31190 31189 13144 5355 
2242d06bd10d7add34cc 12726 -1 636 15846 12437 -1 24834 117 -1 996 23534 21515 -1 12425 -1 
22f1a76566a0321716bb 12869 12669 15181 117 174 899 12589 7162 879 5060 12590 12894 1644 12520 2073 
231de6e7009d01fb02c5 -1 999 21496 23548 21564 109 687 21562 3557 22799 256 12726 1152 2843 6899 
232edff88c0dfc9ae378 31345 31346 2795 31347 16801 31348 16802 31349 4978 31350 31351 31352 31353 31354 2113 
2419ba7030036eac093c 35238 31035 30375 25989 31038 31037 7292 40368 31145 40369 40370 31040 40371 3539 33740 
246d05d6145b14c79d75 31299 31300 31301 31302 1286 31303 31304 31305 31306 826 31308 31307 31309 8406 11189 
24a5b53a93b33a8d8989 40349 -1 24022 9955 -1 17338 16763 17172 38123 35656 25617 -1 25169 2384 -1 
24d94d6752a7e54a85ca 16076 19391 -1 10375 1289 12930 24485 17853 12507 42765 956 28324 27383 24105 12391 
251550ef64b759193aac 32954 33276 32299 417 24225 33277 33278 33280 33282 33281 33279 2103 33283 33284 1247 
252f984feea5f4fa60b8 4337 636 -1 -1 20829 -1 433 20526 -1 6899 -1 -1 256 -1 2234 
25c338f1840b10e8479c 36530 36531 11433 13429 36532 36243 19004 2073 7802 419 13276 2345 25136 17128 12842 
2605762b270023a7710b 556 1020 360 806 262 -1 5396 6018 9529 -1 1631 403 1813 5451 1751 
267f28780d98d4e8f8a6 6668 358 360 492 164 39 906 262 3138 1306 826 101 561 558 5953 
2734c653f2c1738cfcf2 12280 30929 27 1859 42270 31227 42271 42272 37484 210 31246 2498 42273 31187 42274 
27a0bdee00fcda281fcf 4337 21858 2029 3520 22541 18884 22074 3821 33674 256 -1 15355 22778 -1 4676 
27a740a9d78cae8d3bae 5525 32119 31660 11592 -1 37629 32124 32117 9258 11083 40694 -1 40560 32046 1048 
27c410a5ddee59bc3199 33435 7940 31339 43218 43181 43219 43212 33394 33452 33401 43220 43221 16249 5516 43222 
27d4e0958edebd40cb22 36712 -1 883 -1 256 6289 34548 636 1201 347 6291 6578 3766 3727 3536 
27f4a9691493b83a1dfe -1 117 33113 -1 33114 12035 1887 687 27896 -1 -1 4434 11483 -1 256 
2805b1035ea16b16e206 20657 21650 256 21673 118 21564 23281 23837 1096 8684 636 21496 117 23601 2073 
28636dd977eb3f81d818 31293 2470 31286 31294 31295 31296 417 2703 210 28818 31297 4978 31298 3729 5006 
287570a25bfcee980b47 4391 2860 4813 9641 3764 31687 31688 31689 31690 31691 1005 1158 31692 31693 31694 
28cc62bf982f6b496ca8 32234 32984 -1 25679 6442 20831 636 -1 3939 41395 -1 117 -1 -1 1249 
28d150b8c79e21c88ee2 13174 13312 117 12562 12383 4061 13294 12768 14150 12380 18941 -1 12914 14741 26770 
28ddd801b965d893cc9a 31838 1354 39 29393 1306 1278 10531 7561 -1 1401 5793 390 17154 29648 5727 
28de723001ce79c800f0 30860 33391 43210 33401 43211 43212 35951 43213 30060 9424 27391 43214 43215 43216 43217 
29e446ac543f867c22b4 636 1007 23519 746 22483 14760 13074 -1 2537 999 30 -1 425 374 -1 
29e68a77b3afda5e871a 406 30433 -1 11919 -1 12185 5012 26531 30333 42403 2498 2335 -1 1656 9647 
2ac2d61e9713893f3481 13760 13421 3500 15585 636 2505 825 10870 18186 256 1427 12443 13075 322 16996 
2afb8efa62275784933f 30947 243 949 3087 5417 109 374 687 12949 1945 7994 30599 1836 30948 185 
2b299c13820f0895b34b 19169 7940 33388 30921 31339 33389 117 33390 171 33391 33392 33393 33382 5516 33394 
2b3b3281cc25ef8e6187 7879 1247 1245 42589 235 12866 6643 23224 31479 42590 39515 33507 42591 8543 42592 
2bb9bfe860c0ce72c55c 13476 30921 5970 20560 -1 -1 2697 17073 20737 3057 -1 34622 24260 3500 15228 
2bca0eff3a80e3c84195 9365 7300 23764 25912 31200 19729 18836 31201 2183 433 2799 1152 31202 30 428 
2cf993cf17917d1f94f2 31704 31838 31839 31840 31841 1398 5727 1111 31842 195 328 1963 31683 7372 17665 
2cfe87cb6ce2a8df102c -1 7994 37038 -1 -1 31339 -1 13511 -1 43225 39133 688 33391 42493 43341 
2d757e8f41c480a0afb2 31453 31454 31455 31456 10007 3220 2349 27457 20886 31457 566 31458 31459 2229 31460 
2dbdea0d429753688dff 43282 30947 33462 33417 6735 25326 24533 43189 43228 1003 16249 18308 -1 -1 -1 
2e9b1d3105efec36de92 37113 21253 -1 41611 15991 -1 11871 26345 31339 352 -1 -1 33451 210 -1 
2ef156c3ab8b38457d62 42642 34992 8982 42643 40348 42644 42645 42646 31468 42647 42648 9012 42649 17432 28059 
2ef3d90523d851fb6115 636 256 25008 433 -1 -1 22483 2404 12090 5105 41570 4337 1677 22337 14013 
2f95d32e51981b0587a3 905 1612 21818 21911 12933 23924 21449 1140 23707 22299 22669 23925 23926 22778 21515 
2fc58fe60a7802694962 40981 21987 20526 40982 185 40983 563 38372 30088 21513 40984 2843 22754 2421 242 
2fcb10a12f4363e8b8c4 31284 16196 31285 31286 29415 30826 31287 30023 31288 2785 1907 31289 31290 31291 31292 
30201057328c70bad727 -1 1247 19167 338 7761 2667 427 433 115 30 109 38301 824 -1 38412 
30f64aa546aeba36eba6 33321 905 33322 33323 7439 256 24333 12723 2556 33324 23438 563 11921 14203 33325 
311b1f621676b3c56932 23763 17546 210 25344 21471 25902 1265 22384 2573 25540 3723 31231 42317 38909 42318 
313664bf8be6f1a9aa6b 21599 23932 32670 32312 30153 905 41778 12726 41101 2667 210 41779 32672 396 29417 
3145ed4ee2424910788c 31299 31300 31301 31302 1286 31303 31304 31305 31306 826 31308 31307 31309 8406 11189 
31775cd663a344c05eff 34924 2470 33785 38310 3729 38311 26485 33746 38312 31287 1398 38814 38316 38314 38313 
31f224ee22facea4905e 31510 31511 31512 10803 31513 31514 1250 22703 31515 659 31516 18736 31517 31518 8026 
3207d0c7ab3a368e01f8 31461 31462 31463 31464 3729 24658 27523 417 31465 1244 9661 31466 2229 25793 -1 
3210f72a1bbc3d898f29 185 33790 13838 26425 17177 36038 5181 29116 2867 36039 3341 36040 4320 36041 876 
32a0af8c3cb025de7e4a 318 31863 31714 13839 40659 36979 31808 40660 956 32130 2696 21320 5576 31872 14756 
32c000f67272d7dd5d0f 9365 25902 42259 42253 3556 42260 8561 38867 42261 42262 42254 42263 4956 42264 2556 
32f7974a58417c3c9608 7300 35485 3723 33680 35486 20495 3113 26445 16747 25344 19818 35487 433 2073 2799 
3355f9e106a7852843f0 -1 21522 21525 956 21610 3560 37502 -1 21599 1526 132 24085 2182 13248 -1 
33a65f16d10deb11d3fc 7300 35552 5970 35553 12806 2398 3723 35554 35555 29927 35556 7534 35558 35557 35559 
33c53c209c287475b52e 18757 30292 8747 1372 9424 1268 30293 30 2073 1413 425 30297 30707 2799 -1 
33df5c9c16babf83a7d3 -1 32484 432 4301 -1 -1 18183 -1 3372 591 3164 32400 1403 5697 1278 
34308408b37eaeae171f -1 -1 427 -1 -1 -1 9429 27391 -1 433 5637 -1 -1 30 -1 
344d314cbeeb62146bdb 30292 33695 43189 3920 30453 30921 30293 43190 43191 43192 24136 33425 43193 43194 1372 
344def2b35054e5f9304 26983 32234 3559 33362 32443 33363 33364 33365 1254 12088 16349 33366 33367 33368 33369 
3502af2cbcb1372f9881 33321 905 33322 33323 7439 256 24333 12723 2556 33324 23438 563 11921 14203 33325 
350d8a7d5cc0244872e3 -1 1287 26206 4391 956 -1 1167 -1 -1 1293 -1 1434 -1 -1 -1 
35270b553b19da777272 33693 8256 33688 33695 38797 23198 9349 -1 43355 -1 210 6735 24403 799 4042 
35b1b93d35d64850d1aa 13337 21231 3206 12468 14058 19924 34913 13620 8030 13805 117 25295 -1 240 14229 
35cd9055f7221792e570 33446 33447 11696 33448 7854 33449 33450 33451 17271 1249 21499 27259 6277 6576 11140 
35ef9c1bc050d7065a9f 12869 12669 15181 117 174 899 12589 7162 879 5060 12590 12894 1644 12520 2073 
35f1920304ec98a13bd4 34924 2470 33785 38310 3729 38311 26485 33746 38312 31287 1398 38814 38316 38314 38313 
36310da72eb5599f1f0f 31525 31526 31426 31527 31528 7629 31529 31530 31531 31532 6180 31533 31534 3161 11140 
366c4b5607df0c0d5341 3127 2947 12258 4755 12259 4753 1038 12260 12261 12262 4616 2761 3490 10842 12263 
36b75711d320d8016f3f 13337 21231 3206 12468 14058 19924 34913 13620 8030 13805 117 25295 -1 240 14229 
36cfcf16135ffe66ec3c 40349 -1 24022 9955 -1 17338 16763 17172 38123 35656 25617 -1 25169 2384 -1 
36ea9790a66ca79ba522 23763 42290 22384 42291 25902 21402 3723 210 25988 563 7893 1250 42292 2573 31234 
3715b28654e9924cb0be 12869 8175 905 7404 1470 30 18808 9393 832 2963 14029 -1 636 990 15426 
371953958a1bfe520a4a 636 1007 23519 746 22483 14760 13074 -1 2537 999 30 -1 425 374 -1 
372b640879b8a3e58c44 34165 8490 -1 -1 -1 -1 2947 8999 -1 31524 -1 -1 21970 34727 16539 
374ba7a919c611d6387a 7848 37290 8028 13939 94 -1 -1 14502 -1 26996 2417 41748 32131 -1 -1 
3754094eed9a8d5240ca 11710 -1 5416 7761 36788 34066 -1 2095 -1 33809 -1 2791 2664 -1 24110 
377ffa24ded0a6de9797 40619 179 4813 541 40838 39 2168 591 31808 31820 2860 2167 5727 31714 374 
37d32cbc652a53d9e73b -1 -1 27837 117 -1 374 111 1867 34071 3394 5143 867 -1 9035 -1 
37e95b0c188359811217 31683 31681 40741 18414 318 32119 32117 4558 31718 19922 31823 2408 2599 24110 575 
37eb2f4078dd1834a9c4 31892 31808 4813 31890 21531 27361 -1 31743 5576 4533 -1 9210 -1 23295 1105 
3846a75578adde68e131 34877 42070 10760 42071 30236 42072 42073 42074 2167 2546 42075 42076 42077 11950 30 
3852d6657fc5da470935 24005 23769 31228 2314 25902 6171 31229 31230 111 21471 28807 21970 1343 25912 23760 
387485e9c1efc3a2eb8c 30254 799 2167 10977 30255 30256 30257 2234 6968 30258 1398 30259 9516 6162 18807 
38a41c64d08294a7da17 39383 86 2979 360 -1 -1 2983 346 10509 -1 -1 577 267 21284 24826 
38d556b7fc2890b6efc3 12383 12380 4418 13490 15063 12420 12442 118 -1 12439 636 3290 12387 14718 14728 
38ef66a470be5ad0f043 31838 1354 39 29393 1306 1278 10531 7561 -1 1401 5793 390 17154 29648 5727 
391f18469d48b5c0f3c9 31525 31526 31426 31527 31528 7629 31529 31530 31531 31532 6180 31533 31534 3161 11140 
3a0d49c7fbbd57bdf7cd 12869 12393 14058 832 14057 416 7404 21236 6536 14055 118 490 12353 21269 37951 
3a164dd38b553954f383 17542 35932 35961 954 36001 23972 33142 5108 26151 37909 -1 876 -1 5107 32644 
3a26deb66c13ed2b853f -1 31808 2367 10830 100 433 -1 -1 30 428 31714 -1 -1 31718 38181 
3a83f7cdc24ffc596f53 31237 31228 449 31238 31239 31240 7886 8561 31241 8901 31242 21848 2295 3781 42277 
3ae36af40be51b9df414 -1 11968 11347 6906 23219 -1 -1 1038 13595 185 118 200 34922 -1 90 
3b27f01bb5b47769182f -1 32929 -1 242 -1 22284 -1 109 -1 -1 32698 -1 -1 -1 12866 
3b7920f3ccc30823442b 14060 964 352 9661 7261 -1 37433 160 11702 -1 12775 13455 1251 2478 2349 
3b9d3f41ec06a255f162 338 38459 8860 8561 1293 905 2703 19680 38460 30254 38461 38462 4585 38463 31200 
3bc341cbd628023c31d9 -1 32328 41857 -1 32631 18627 32296 -1 32280 -1 32963 -1 41863 1403 4841 
3bc6c68964ab460bc9a4 318 9641 3764 2367 1028 4391 31884 4813 31718 31859 31885 31886 11592 31887 31888 
3be0c5e37e3f06e709e9 12869 8175 905 7404 1470 30 18808 9393 832 2963 14029 -1 636 990 15426 
3be2cdb16989729b4fd5 30860 33391 43210 33401 43211 43212 35951 43213 30060 9424 27391 43214 43215 43216 43217 
3bed0b88a3f2fb4e398b 13984 43292 86 1131 20342 5775 256 3766 7835 43293 26395 16494 15677 4352 7406 
3c08f3907f323487bc1f -1 32724 34780 7786 -1 985 33591 -1 5208 1534 -1 7934 -1 -1 -1 
3c29df4bab5bc31adf21 38499 5416 12212 38212 2349 33847 -1 35174 -1 3561 1105 24401 38872 -1 -1 
3c8314bb6aca63a8a4d5 -1 -1 -1 -1 -1 32213 4337 41075 32568 -1 30893 -1 20526 -1 -1 
3c93347d0e64772d0a46 31461 31462 31463 31464 3729 24658 27523 417 31465 1244 9661 31466 2229 25793 -1 
3cca3019b2ae04867b0f 1060 39 1645 839 9277 108 2100 990 3188 12 13 2473 -1 558 30 
3da21b478be1782ad887 33477 30549 33478 33479 33480 33481 33482 26384 18935 4715 31526 33483 2498 31828 33484 
3decae8c86a339f1a239 31445 31446 31447 31448 31449 31450 17485 1398 8734 31451 7761 31452 2498 9571 28059 
3dfcbe7dd22b61bb3d64 31892 31808 4813 31890 21531 27361 -1 31743 5576 4533 -1 9210 -1 23295 1105 
3e1c2ab873e7b393579c 338 1244 38249 32557 33822 31900 33823 -1 5916 -1 2231 9661 -1 2781 12746 
3e7c6694e82941c50f72 9434 31310 3922 31311 8672 31312 31313 2115 31314 2381 31315 31316 31317 31318 30753 
3f0a98a23a6933dceb00 31743 31808 17403 4813 11091 3714 3601 34130 -1 37392 518 -1 905 30 -1 
3f8545d1c6831fe88fe1 31808 -1 2073 2527 3539 30314 7394 -1 647 7605 160 10082 -1 2799 30 
3f85cfef8c244b5bc061 33746 34924 -1 -1 3729 38291 -1 35526 33846 -1 2349 9394 545 4047 -1 
3fe219dec6c8b50fd374 13337 21231 3206 12468 14058 19924 34913 13620 8030 13805 117 25295 -1 240 14229 
405a3e18b6f823fe57d6 35751 35757 4851 1201 12339 8697 -1 17510 1343 -1 6094 954 21088 -1 -1 
40ded382f0b76e93334e 21560 3871 14961 21650 21558 905 2799 23732 21499 -1 117 -1 14945 13228 -1 
40f294b545bc71fd2638 -1 -1 174 260 6 1325 304 3275 138 12181 13 164 175 -1 558 
41362c0beb5fa7ecba79 32879 32880 32881 -1 -1 32883 32501 -1 -1 32886 1519 -1 -1 41104 98 
414fdb4a6fa9a311eb9d 1060 39 1645 839 9277 108 2100 990 3188 12 13 2473 -1 558 30 
41b11293f849a9a40baf 338 18330 38263 33822 2231 417 13684 8575 -1 352 -1 1249 2582 -1 6828 
420f055b81d5ff866292 43267 30860 688 37038 43252 33466 19169 33425 42494 -1 -1 160 687 -1 33462 
421b2aa6aaa448c6cd53 3425 10883 12190 869 2238 3318 3032 485 12191 3935 35326 1413 4372 12056 1583 
423706403ccd70cb5c2f 38499 5416 12212 38212 2349 33847 -1 35174 -1 3561 1105 24401 38872 -1 -1 
4238301a0d37f529c15d 338 -1 34013 42135 38947 42477 1431 14221 -1 33730 38276 22695 33413 11554 -1 
427619c279a2dffe9f54 19169 -1 -1 33408 -1 -1 -1 30712 -1 33404 -1 2349 -1 2335 12090 
42dcba9402e701b43182 8882 31385 31386 31387 31388 31389 31390 31391 13996 31392 31393 31394 31395 28820 27701 
4304ef76d4852a9a45f8 24138 12698 11966 13246 6421 24141 12467 347 24139 12732 760 24485 23421 389 6814 
4315c7703d67d8159b4c 12468 13337 15070 21231 347 3206 8311 13665 12803 13191 956 577 16406 13234 -1 
432556f8884796232208 33840 33841 1343 481 8070 26785 2349 33842 2229 4668 11662 8605 33843 6960 33844 
4347ab0a3bfeb4e3ca14 29039 24403 38785 8672 7216 43362 31312 43250 -1 20561 34241 -1 40800 24233 25828 
436589e6287dd22c45d8 11026 5060 62 6541 14056 16683 89 12711 -1 3367 1245 14029 2963 2970 964 
43c9798900be8e8e3977 20657 21650 256 21673 118 21564 23281 23837 1096 8684 636 21496 117 23601 2073 
43cf2656620b404b969b 12383 12380 4418 13490 15063 12420 12442 118 -1 12439 636 3290 12387 14718 14728 
43e2ca336bd3b5ac3810 10722 901 27114 256 15845 32461 5050 32462 3919 2067 746 32463 32464 18106 21711 
43ea9305a51ff03f7115 8882 31385 31386 31387 31388 31389 31390 31391 13996 31392 31393 31394 31395 28820 27701 
43ebae2eb9ecc07aec40 1290 4391 2667 33407 7742 33408 33391 33409 687 33410 7845 33411 1074 32072 6735 
4420dcea3791e71a6bc9 32066 39 31683 86 32146 32145 32147 12090 31791 12185 314 5727 17665 32148 31839 
445ff44d2f5ce539950e 636 1007 23519 746 22483 14760 13074 -1 2537 999 30 -1 425 374 -1 
446647cd10208450d54d 33751 16470 33752 33753 33754 14849 33755 8937 33756 12558 3210 33757 33758 14165 22504 
448f757bd7f6fdb96f0b 16095 12590 12589 14058 12610 -1 35458 12732 14319 14476 -1 -1 964 30 687 
44b0902edd1d792387ad 2113 -1 25010 35564 -1 1361 -1 -1 25604 -1 39798 -1 2696 15018 32010 
4528c241850a5dca9c56 32066 31820 31949 40619 9641 4813 86 318 541 591 10663 31890 31714 2860 3372 
458e49cbad33ebea9b8c 31977 8873 35492 31832 596 31683 4323 1061 12275 23417 2183 3988 1648 9508 9274 
462b1db187d7694d1265 24403 2794 5416 -1 338 8403 12212 31481 25246 6277 43097 10819 8594 38291 6852 
4664a5d72661d66e6156 -1 1247 19167 338 7761 2667 427 433 115 30 109 38301 824 -1 38412 
46bc1ed6104ffdbf52e8 15472 210 6633 25344 13928 15565 1584 1177 12647 7854 24765 3727 35550 6166 36107 
46c73827281e0e490824 3393 1954 31551 3656 31426 31552 31553 31554 210 31479 1555 25968 1247 31555 31556 
4770e4c9df2198b52c64 35863 1003 35864 13678 117 15535 35865 35866 12909 10120 6394 15786 31121 210 13681 
477aaade323b141d3c54 26983 32446 4065 11678 20475 527 30182 32447 32448 7745 8561 32449 2229 4729 32450 
478e68f642fe8011e0c6 31519 31520 31521 31522 25065 2498 1247 31523 417 2229 780 3393 1954 7519 31524 
480ed39ba0ec2b666ea5 -1 32929 -1 242 -1 22284 -1 109 -1 -1 32698 -1 -1 -1 12866 
4845d4ab65f9be3dd82f 12280 22858 31246 30929 31209 31247 31248 12112 3693 31249 6891 31210 21691 4323 389 
48807b4ff8649cbfaca2 31743 31808 17403 4813 11091 3714 3601 34130 -1 37392 518 -1 905 30 -1 
48edf093e63022c54926 42995 5207 42996 33572 3207 42997 42998 2785 42999 34857 43000 43001 39334 30081 16104 
49496f718d9ecf800c11 42605 42606 42607 417 42608 42609 31575 1249 7785 1250 659 2349 7148 31419 22703 
49682d6db8894cd2234a 2342 2860 406 405 7100 30450 5793 6259 30451 211 6496 563 30452 759 6592 
4a1dba73e168d68ab0e8 406 30433 -1 11919 -1 12185 5012 26531 30333 42403 2498 2335 -1 1656 9647 
4a2a5a340c37b24eeba2 160 13460 14060 -1 -1 18639 4353 9661 13458 13455 352 -1 111 -1 816 
4a5eec617b990fe80bd5 808 39 5222 1344 3232 7 6623 12090 -1 5359 3372 8513 -1 506 2103 
4a5f1565fce18f0827e7 925 23760 21627 25912 23764 23907 31231 5492 25902 433 -1 42321 42295 30 10078 
4a83a7357985e0bff429 30292 33695 43189 3920 30453 30921 30293 43190 43191 43192 24136 33425 43193 43194 1372 
4ab5a4f8346d51c1a521 43187 27598 5234 33397 2335 30399 31598 4767 2498 352 26091 2443 43188 26034 38379 
4ac045e2154e2345899e 7879 1247 1245 42589 235 12866 6643 23224 31479 42590 39515 33507 42591 8543 42592 
4ace165ef24397be3eb3 42583 42584 42585 42586 42587 7785 17432 2229 417 2667 27016 11333 21926 3367 -1 
4b3be4d1b8e067c0b0e0 31302 -1 31307 -1 14777 -1 -1 17357 42483 42020 -1 -1 -1 31300 -1 
4b5bc8e42d57bba4969f -1 32484 432 4301 -1 -1 18183 -1 3372 591 3164 32400 1403 5697 1278 
4b5f71378b1ff8ce1121 4337 21858 2029 3520 22541 18884 22074 3821 33674 256 -1 15355 22778 -1 4676 
4b9a10cf4265a5cf8de8 31499 31500 31501 31502 31503 7786 31504 19708 31505 31506 31507 31508 9210 31509 27127 
4bcf77084d0babf7d0fc 33959 1954 33960 7785 30992 7854 1393 12251 33961 15399 33962 33963 27867 4116 563 
4bf270ec825ceb861a03 41125 32949 23548 41095 12723 41126 11587 32441 23077 32419 23204 22183 22158 41127 41128 
4c2084bab4ce8c410541 31795 31796 31797 31798 31799 31800 22986 31801 23393 956 2696 850 31802 31803 4606 
4cb96c1f802f460d09b4 30250 42088 6162 30200 7100 42084 836 29573 4078 38684 34972 10509 926 2608 11183 
4cf6e2400bad63caeb81 39515 -1 901 -1 3993 12471 117 26240 24186 2731 2498 13950 -1 11000 -1 
4d1bbae6247796aab3d3 338 1244 836 18330 3549 34034 9618 3539 -1 31389 -1 8697 38291 1268 1149 
4d6c84225a15eac3841c 31519 31520 31521 31522 25065 2498 1247 31523 417 2229 780 3393 1954 7519 31524 
4d9d188ea3c8f35d1413 34226 -1 34430 34694 34427 35205 1814 4079 -1 -1 -1 -1 -1 -1 3491 
4dd0a8481ff27c81944f -1 26848 25612 954 185 2556 25996 33827 11817 34075 -1 4320 -1 35893 24415 
4dd13aab037603852033 33523 7330 33524 33525 33526 25365 33527 23356 33528 12213 11200 3539 33530 33529 7120 
4e21b3866aa206105655 43187 27598 5234 33397 2335 30399 31598 4767 2498 352 26091 2443 43188 26034 38379 
4efd368744f233dbb160 31718 25604 -1 -1 21969 31782 -1 -1 -1 -1 977 -1 -1 31776 -1 
4f0dddd7da9fc6126439 -1 -1 -1 4391 164 5434 1060 2 657 6 1228 150 436 1 -1 
4f11c6f2f39e56ef5c60 4555 13162 32158 7175 3693 2264 9210 12196 384 -1 98 28290 6905 -1 3539 
4ff4b5ae672bfe64038d 636 256 25008 433 -1 -1 22483 2404 12090 5105 41570 4337 1677 22337 14013 
5 
50be602e08f9a5394343 2113 -1 25010 35564 -1 1361 -1 -1 25604 -1 39798 -1 2696 15018 32010 
51606175e9492f4f6e31 13593 -1 30141 1393 650 899 2630 1435 3367 2342 -1 -1 13595 6194 13596 
51bfcdf7a2e727252550 42679 1247 42680 42681 42682 42683 1096 42684 42685 42686 26856 34056 42687 42688 1250 
5208432948f73ef17836 12391 688 14978 -1 16901 17869 -1 956 4418 -1 12380 12420 636 31872 5925 
524470313c57b7488dc0 1861 1814 31714 4533 2860 956 31879 10959 417 31880 15802 2234 9048 31872 31881 
528e4e289bb2ef0fcbb7 1244 -1 42537 -1 -1 -1 11024 38226 -1 -1 -1 -1 -1 1249 38347 
52aa59656be7257971ae 31718 40810 32087 31689 40811 100 433 7406 40815 40813 40814 40812 31714 30 426 
52cdea5a6c5c174314ea 3886 19095 6421 16652 1965 9516 54 1700 35451 352 13403 917 12769 3866 17525 
5377f7e8c297703eef7c 13231 -1 4391 883 11209 14937 37059 6289 -1 -1 -1 476 21930 9571 16958 
54d85ff1476489a1cf85 32368 117 -1 3592 34904 109 21962 11415 -1 33165 33115 11587 33028 171 -1 
554f02525f2fcbd23a36 442 435 434 39 648 9167 1122 923 522 441 930 -1 3579 -1 318 
5550a4e2c47275d14f85 9529 164 1631 397 358 906 -1 6668 8900 2217 210 35633 12090 2623 930 
557089ed25b8ebf1b8de 43166 31564 43167 43168 4672 22606 1951 43170 43169 1249 43171 43172 1443 43173 43174 
55a0d5aef8d7d3be4b94 40170 40171 27533 40172 9632 39533 1907 16164 40173 40174 40175 30496 -1 30 160 
5628afd7efe4bc008a97 24960 31804 31806 31805 6454 9814 709 591 5727 314 195 262 2681 31807 9598 
5638a345c4b0b1793fac 40874 40875 31808 39814 40876 40877 7847 40879 999 30 40880 431 40878 10946 21041 
5639c8ebb7659239a5e9 31499 31500 31501 31502 31503 7786 31504 19708 31505 31506 31507 31508 9210 31509 27127 
56405ecdf63cf10287e6 32234 32984 -1 25679 6442 20831 636 -1 3939 41395 -1 117 -1 -1 1249 
574a3b40df4e7c75db9d 9254 18920 30378 30578 30369 30579 9318 28399 30367 30580 26237 25368 30581 27584 352 
574fcca17ed97b0bc1a5 30275 2234 2608 30306 34401 30324 20502 34609 10977 7021 3881 -1 7786 2342 -1 
57603bda26561c0bd54d 42679 1247 42680 42681 42682 42683 1096 42684 42685 42686 26856 34056 42687 42688 1250 
577c8208232dcccb19b9 42088 7100 30200 42089 42090 30261 804 42091 30210 42092 6162 12068 2608 11950 11024 
57a6b52d515fdeeeab64 33435 7940 31339 43218 43181 43219 43212 33394 33452 33401 43220 43221 16249 5516 43222 
58083f2a57a8f6955434 15957 1260 16850 2098 15290 51 15046 23488 17564 14123 8995 11159 901 3993 9205 
588ee321dcb2f2916e40 35439 35440 1265 7167 35452 31518 35453 11592 3390 883 3539 5576 35455 35454 7170 
58b66387b5eb985a583f 26983 9281 41339 41340 41341 32443 41342 41343 32554 41344 3372 41345 24903 23295 21716 
595de85e1facef7c2e15 417 24110 34281 3207 43072 1951 43073 43074 43075 43076 836 5355 42761 7387 663 
59b595cb1eeeb5546c60 636 13718 86 905 21547 21602 3984 21496 12207 21513 21515 21650 23453 22018 256 
5a336ffd3b2c86250277 -1 999 21496 23548 21564 109 687 21562 3557 22799 256 12726 1152 2843 6899 
5a3ffa6bab61600483c1 338 38237 1431 11140 417 3720 9661 33985 38238 31408 1590 2231 38239 38240 38241 
5a98674d238a1d34773c 38748 42391 31339 42392 33382 20561 42393 42394 31508 21446 883 42395 42396 42197 42397 
5b2c3007249381d81034 9254 20963 -1 21322 38031 -1 -1 21604 -1 427 -1 433 -1 30 109 
5b47f46dce10a233ab0e 2320 -1 2103 433 -1 869 29112 12032 3599 30407 10963 -1 -1 1085 39219 
5b5503eea1ed08df5d36 -1 907 105 489 3900 3624 516 30 1956 771 1594 96 23 3255 5792 
5b8006ae7f4f25a1772e 31332 31333 6786 31334 31335 31336 31337 3922 31338 31339 31340 31341 31342 31343 31344 
5b8adbff8c9bbc81c5d6 31299 31300 31301 31302 1286 31303 31304 31305 31306 826 31308 31307 31309 8406 11189 
5c10e8f5ad15910a2397 40603 25478 10959 31808 18046 32152 40604 40605 427 433 115 40608 30 40606 40607 
5c336860cfb6bfbd4a13 26983 32234 3559 33362 32443 33363 33364 33365 1254 12088 16349 33366 33367 33368 33369 
5c45c05b158309b97493 23014 23710 636 15847 256 11220 21602 7654 23707 23711 22018 22833 1583 170 22565 
5c75181d4ad1a9b4e4b8 29039 24403 38785 8672 7216 43362 31312 43250 -1 20561 34241 -1 40800 24233 25828 
5cb546aab5031d5fe2d3 32066 39 31683 86 32146 32145 32147 12090 31791 12185 314 5727 17665 32148 31839 
5ccc3b8dc264682bc86c 31661 -1 32089 2653 40891 -1 -1 11996 32192 40565 2799 30 100 425 687 
5d0fc93a4a11a2caca78 417 8844 8762 31557 31558 3548 210 9661 31559 30 425 431 956 687 -1 
5d649e1f1ca5c827826a 10760 32482 30 427 433 -1 185 7892 10082 -1 -1 111 -1 23740 -1 
5d911c6a4ec74e089a2f -1 14945 -1 32312 3090 -1 41778 -1 24730 -1 -1 -1 -1 -1 -1 
5db9f554e74370d9f08e 31665 31756 1061 10959 31757 2860 31758 19873 31661 24960 31759 31760 314 25390 21798 
5e2bd94d274255974978 32098 31696 -1 -1 40652 -1 13494 230 31860 40678 2505 7478 2367 31668 688 
5e67ee00221483a3e7b2 11838 543 31763 1653 40869 5727 40870 40871 1413 31706 30 688 -1 425 40872 
5ef8c1e1c955e320ea4f 31319 31320 2113 31321 16671 31322 31323 2388 14285 31324 31325 24401 16164 27533 3560 
5f267c8d4382a081684b 31519 31520 31521 31522 25065 2498 1247 31523 417 2229 780 3393 1954 7519 31524 
5f4808de39f16946c7af 11838 543 31763 1653 40869 5727 40870 40871 1413 31706 30 688 -1 425 40872 
5fb7235520bfc5fecfe1 35283 9434 15538 20698 577 117 31315 -1 11082 -1 -1 16211 38867 -1 18814 
602808db8554186df3c7 384 30319 37794 8600 40631 433 22986 3491 -1 -1 -1 30 688 -1 431 
6055ab047f25aac73eec 5195 10996 31873 -1 37794 5727 -1 -1 -1 -1 6297 13857 31874 8348 1720 
60665e2858820a4fba42 12589 1968 15630 13403 14323 14416 21212 -1 15764 2071 13191 18073 12771 13001 32272 
609d2c4ae8dc62bb11d3 -1 -1 -1 25173 -1 -1 21112 427 433 30 -1 571 432 -1 -1 
60aa2b1ff0e25e641480 3442 3444 7913 1136 10846 285 776 -1 543 8854 5426 2573 12041 5423 2070 
61926ed6b49552279951 5525 32119 31660 11592 -1 37629 32124 32117 9258 11083 40694 -1 40560 32046 1048 
6194429794f2100fe4ed 42029 33034 42030 32234 42031 22682 905 4491 32883 32504 40696 32419 32605 33842 42032 
61d4e4c714fd5b331c89 31191 31192 23384 31193 31194 20748 31195 30929 31196 31197 31198 31199 2920 4808 12090 
61f6c96ae251dd77d36d -1 -1 469 -1 8397 9577 29039 30186 33434 20561 -1 18370 -1 7218 3720 
6218b66e34029ebe04dc 7170 7162 347 16816 20822 5008 1373 7849 13559 -1 -1 -1 13251 -1 36724 
6244cae1539c5bf80bea -1 1631 906 5953 9529 39 -1 8925 -1 492 105 6668 2279 5452 334 
62b1a1e9a2b997bf5de1 23763 42290 22384 42291 25902 21402 3723 210 25988 563 7893 1250 42292 2573 31234 
62d44d7d20855fa02f6d -1 11968 11347 6906 23219 -1 -1 1038 13595 185 118 200 34922 -1 90 
62f9c18676be0656919b -1 31984 1883 -1 -1 -1 26983 21513 4065 -1 -1 -1 21873 21065 -1 
63173a8e131ef7234c1b 20355 -1 -1 -1 20561 -1 6277 16664 27533 -1 33393 27701 6852 338 8970 
6383dc9c69071348e150 12280 30929 27 1859 42270 31227 42271 42272 37484 210 31246 2498 42273 31187 42274 
638aaf257e4fe64d3b12 11026 5060 62 6541 14056 16683 89 12711 -1 3367 1245 14029 2963 2970 964 
64096a48b5197dc0fe59 11026 5060 62 6541 14056 16683 89 12711 -1 3367 1245 14029 2963 2970 964 
6453d6e8ff2b79c015e3 32813 -1 22967 256 -1 -1 41538 -1 -1 -1 33128 26954 -1 14223 21602 
6496a08f1976968a55d5 42403 4862 42404 352 9427 42405 2920 1369 7993 28820 42406 15423 8749 11322 6777 
64f71d75b99122932114 33406 31403 43203 20561 10068 43204 43205 43206 43207 43208 43209 13936 352 38718 38837 
6574a6e17ac5951ceab5 -1 7940 4352 43212 33466 171 31339 -1 33465 -1 43191 101 33406 5516 33425 
65b7469c52795d0000b1 32787 32788 28615 3085 32789 32790 32791 18251 6131 32792 32793 32795 32794 32796 -1 
65d21b75064a117aaf95 8256 26963 33688 33687 33689 33690 33691 33692 799 33693 14176 33694 26034 33695 33696 
66f75a65403579171aec 32879 32880 32881 -1 -1 32883 32501 -1 -1 32886 1519 -1 -1 41104 98 
6721f75eba52aeda4c63 42910 42911 42912 42913 42914 10402 23569 42915 1643 42916 42917 10818 9571 3602 4395 
6760c1f7293a9808dd31 30236 30237 30238 10760 30240 30243 30241 30239 30242 30244 30245 30246 30247 30248 26037 
6778ce756b1dd1f59aa4 9349 13243 3064 6289 7561 21133 3139 3727 956 -1 132 -1 25593 3668 1373 
67bdd49ccafd54907861 31585 31586 31587 31588 31589 31590 23487 31591 21865 19618 1492 1105 30545 8816 31592 
67d3888204c41adb8d11 31493 31492 31494 31495 2498 31496 1251 25996 7479 2234 18935 31497 31410 31498 11588 
67dd7a738e17eba2931b 32424 32425 32427 32426 32428 32429 32430 32431 157 32432 32433 32434 32435 32436 32437 
680cb760784ea3272e39 38748 42391 31339 42392 33382 20561 42393 42394 31508 21446 883 42395 42396 42197 42397 
681230f4b021e65c1b3b 338 38237 1431 11140 417 3720 9661 33985 38238 31408 1590 2231 38239 38240 38241 
686abe9c8989e144c69c 636 1007 23519 746 22483 14760 13074 -1 2537 999 30 -1 425 374 -1 
68dc675dfa39ab5d655c 3425 10883 12190 869 2238 3318 3032 485 12191 3935 35326 1413 4372 12056 1583 
691f5ac7c6fed98c46cc 34859 4372 31936 34860 1497 34861 34862 34863 10798 22 34864 5070 98 34865 34866 
692b171d517091ae1fa5 439 1110 6215 1117 39 435 930 794 1961 1675 826 5132 923 1398 1816 
6931d1531b4062508de3 30755 17822 39707 24665 13245 -1 30749 453 -1 -1 -1 28351 20737 14564 -1 
693898195d4a008dcd9c 985 7152 318 40660 31714 40762 29773 2367 8978 -1 32191 -1 401 31705 -1 
69a54e4499fa7ac41774 -1 -1 27837 117 -1 374 111 1867 34071 3394 5143 867 -1 9035 -1 
69af7d50ff29fcb4a6a0 34165 8490 -1 -1 -1 -1 2947 8999 -1 31524 -1 -1 21970 34727 16539 
69b2118c56d5fae9427e 33446 33447 11696 33448 7854 33449 33450 33451 17271 1249 21499 27259 6277 6576 11140 
6a99f1fa09c5e6187e18 338 5024 3378 2315 30425 9661 210 563 -1 2420 1700 -1 3120 1431 7293 
6ab80fe1f1028fcd7452 32504 4516 -1 1344 -1 -1 -1 -1 2051 31811 34335 583 33225 8982 -1 
6bbd22e38d2b611d8ed7 31180 31181 16478 210 10471 996 2730 19833 3781 31182 31183 25701 15457 352 31184 
6bd68cf1f77d9930ab0e 31795 31796 31797 31798 31799 31800 22986 31801 23393 956 2696 850 31802 31803 4606 
6cb0bfd3b42f507302b1 8668 338 22269 8667 26485 12372 1264 38332 29332 12732 3712 2573 25344 8672 1105 
6d1968b0d35acbae1a17 33446 33447 11696 33448 7854 33449 33450 33451 17271 1249 21499 27259 6277 6576 11140 
6d2a8840951cc509cefa 1533 3324 23224 20502 34380 34163 34381 15566 34382 30865 6368 8543 6813 26395 34764 
6d2e9fa5ad1d6657d63b 30236 30237 30238 10760 30240 30243 30241 30239 30242 30244 30245 30246 30247 30248 26037 
6e034043e862ac47b2be 338 5024 3378 2315 30425 9661 210 563 -1 2420 1700 -1 3120 1431 7293 
6e15cf5feeb732dc055a 33969 1907 27580 32092 33970 33971 33972 6200 33973 33974 33975 33976 33977 33934 20845 
6e8869072e23f8a9cb09 19065 35689 954 35690 3674 33919 28321 15457 12880 35691 389 19102 6768 243 39138 
6e9b41706c8c65621097 24403 2794 5416 -1 338 8403 12212 31481 25246 6277 43097 10819 8594 38291 6852 
6ea0ee3ea5af7ef27d2a 35466 35467 35468 35469 7854 1501 35470 35471 8741 30359 35472 4665 26424 35473 35474 
6eb0952c8d77c588ec08 42403 4862 42404 352 9427 42405 2920 1369 7993 28820 42406 15423 8749 11322 6777 
6f4c455372f486b7eb3a 8762 417 31562 956 31563 31564 31149 31565 25210 31566 9453 6180 9017 31567 31568 
6f5daea146ab4ac8674c 21970 30184 -1 38249 1431 42153 31813 28196 6363 -1 -1 5108 21284 40835 876 
6fa6c09b7aba1f66c7f9 32280 32296 32297 32298 23548 32299 32301 32300 32302 32303 32304 389 32305 534 905 
6fd87ffc923b8f3b665a 35664 5830 35665 35667 35666 25183 688 21560 10552 17955 12090 15537 23889 4767 13681 
70480b5b4fec9f7cd341 12726 -1 636 15846 12437 -1 24834 117 -1 996 23534 21515 -1 12425 -1 
704cd2f937ac1664d8cd 32504 4516 -1 1344 -1 -1 -1 -1 2051 31811 34335 583 33225 8982 -1 
7087db25bd2c6fc7e338 38199 38439 38416 38440 38441 5416 38356 4045 31311 38442 38443 38444 38445 38446 38447 
7120c7cd8e4a657edb5c 41576 -1 -1 -1 -1 11595 41780 -1 32636 -1 -1 41918 10849 6905 -1 
715fbd93b6a38e8dc31f -1 -1 30288 6490 2608 36682 9869 34673 4415 -1 -1 -1 15125 25169 -1 
717f90412214aef3b10a 31474 210 31475 31476 31477 31478 31479 9955 31480 31444 3812 31481 31482 31483 2349 
71eae5310101fec50247 2493 -1 23295 -1 -1 417 -1 -1 -1 -1 37798 -1 -1 -1 12894 
71fa3703b8850b4b7719 32280 32296 32297 32298 23548 32299 32301 32300 32302 32303 32304 389 32305 534 905 
72cab43c39581ca5b2f0 34535 34205 238 32013 34536 34537 17642 22393 34538 9207 34542 34540 34539 34541 4082 
7309b9fb16f09a2cf8a2 40766 40767 4813 22539 883 35536 40768 35994 9641 3764 7466 1048 22908 19727 40769 
7374a2d4485085c50e54 33751 16470 33752 33753 33754 14849 33755 8937 33756 12558 3210 33757 33758 14165 22504 
7393c5b308ef8cff6909 31701 31703 31702 31704 31705 31706 31707 31710 31709 31708 12272 12090 22954 31683 39 
73b40e02f4d22fe45ce1 31977 8873 35492 31832 596 31683 4323 1061 12275 23417 2183 3988 1648 9508 9274 
73ce070c064a4bd5781f 39155 5058 39230 39348 39349 34066 54 39350 2117 39351 11690 30395 427 -1 -1 
746eac378e3550334e9c -1 7154 117 -1 -1 -1 -1 35440 19315 2667 -1 -1 10962 10365 13984 
7485088d4593cd77a336 32368 117 -1 3592 34904 109 21962 11415 -1 33165 33115 11587 33028 171 -1 
749a426cddd6b88793bf 174 15960 3766 13231 5775 20178 6421 688 1626 -1 20275 -1 12991 35579 4418 
749e2490a1ac8a1a4de1 318 31863 31714 13839 40659 36979 31808 40660 956 32130 2696 21320 5576 31872 14756 
74c8ba0e040251b465c6 3561 31406 31445 31538 8734 31539 2843 22958 11588 31540 3549 20379 -1 20432 -1 
750a0d344c7bf3c9cf05 10073 42364 16392 38355 42365 42366 42367 42368 42369 42370 42371 4673 42372 42373 42374 
75a3314755d712ab28a4 11914 31743 31868 28059 30502 17403 4813 31869 3598 30060 3539 12090 6891 2498 31689 
76430eaaf1a0313a099a 35664 5830 35665 35667 35666 25183 688 21560 10552 17955 12090 15537 23889 4767 13681 
76580ecdd3b0e712d74f 39831 20441 2183 25237 12090 1039 31121 -1 -1 11449 -1 -1 999 -1 -1 
767bd6468c07a6f4100b 31808 40906 40891 40916 -1 31949 28384 31682 8434 318 1491 -1 33482 12090 14261 
767ccae66ad0d2134ec6 12869 12669 15181 117 174 899 12589 7162 879 5060 12590 12894 1644 12520 2073 
7687073635a2ac26a90c 12383 12380 4418 13490 15063 12420 12442 118 -1 12439 636 3290 12387 14718 14728 
76c6da6475dd9b79c170 7162 16414 883 17318 13231 20118 13244 15370 11386 13243 8194 20007 256 185 662 
76d4df0b80f12ac039d8 21247 14648 -1 -1 19985 905 3871 256 17094 1534 -1 13228 210 12933 -1 
76e2b64151a3c6a2780b 43187 27598 5234 33397 2335 30399 31598 4767 2498 352 26091 2443 43188 26034 38379 
77257f00cfea6eebe132 33846 2467 -1 33750 -1 -1 1584 12212 5516 38526 -1 -1 3705 -1 688 
7738cdf1419c70cc2065 1918 981 3206 12618 14971 662 12768 11585 12992 998 12659 23421 14727 -1 13994 
775aac77136ab44266df 40074 12449 256 40075 24981 5341 249 23442 2537 40076 40077 117 688 2236 787 
77cafe23b825b9fecc82 -1 7994 37038 -1 -1 31339 -1 13511 -1 43225 39133 688 33391 42493 43341 
77def8a0887107660715 3500 12562 13760 3438 13173 636 31762 7866 13075 19295 8684 18759 13395 2573 17634 
78051b2ea16519fe6f9c -1 26848 25612 954 185 2556 25996 33827 11817 34075 -1 4320 -1 35893 24415 
786cc274fb95376b43e7 1290 4391 2667 33407 7742 33408 33391 33409 687 33410 7845 33411 1074 32072 6735 
788c94bda9afd91ff4da 31718 40810 32087 31689 40811 100 433 7406 40815 40813 40814 40812 31714 30 426 
78a1270d57dd6ec9d708 31833 9641 31836 31835 31834 345 8510 4813 23578 94 2227 31714 12275 31805 956 
79131df68e2cba721572 32424 32425 32427 32426 32428 32429 32430 32431 157 32432 32433 32434 32435 32436 32437 
79316f9a96e0ac561099 636 1007 23519 746 22483 14760 13074 -1 2537 999 30 -1 425 374 -1 
7a4f7a6e8458e1636d9f 31224 31225 8317 7016 8561 31226 25344 25902 2349 2573 14111 7689 31182 19596 31227 
7af3720344eefd861876 31711 2556 688 101 11696 31712 259 109 185 31713 117 31714 12090 25463 31715 
7b17dfc00b8bdea4f6eb 36468 31234 1370 31231 42312 42313 31227 210 42314 42315 14747 117 687 10076 23220 
7b4ef9b507b78971d5c7 338 1244 836 18330 3549 34034 9618 3539 -1 31389 -1 8697 38291 1268 1149 
7b70b5ac796dffec5952 42995 5207 42996 33572 3207 42997 42998 2785 42999 34857 43000 43001 39334 30081 16104 
7bd8e5d5990ca8f331a0 31221 31243 22415 2525 31244 31231 31245 30929 15683 18183 2463 210 3781 3539 9516 
7bfd1b467c36b287f2f2 39016 36068 12346 13765 23922 5108 12909 1398 1028 9268 4391 39084 35754 35753 24451 
7bfd36b9dcf462961636 3527 -1 9589 3047 14207 1584 494 4065 2744 4936 29637 12090 484 4938 -1 
7c126861f5a11ab916be 15472 19592 2398 3589 3723 18392 12475 10849 9471 3668 900 -1 3727 10466 2498 
7c2159e1ddb225b53f5f 18757 43244 352 1372 2702 43245 43246 15496 30453 354 43247 2115 4593 688 7012 
7c483ab1bb708dbe08ac 9349 13243 3064 6289 7561 21133 3139 3727 956 -1 132 -1 25593 3668 1373 
7c49070cefa2e147f2ca 31474 210 31475 31476 31477 31478 31479 9955 31480 31444 3812 31481 31482 31483 2349 
7c67bd6069d1232abf97 43267 7994 43268 1250 33388 26034 38828 7006 7787 36204 2608 741 352 43269 39110 
7cc5ed826009a61e9993 4785 31633 31635 956 31634 17368 31636 2119 3548 476 687 132 -1 100 1304 
7dabdc02e2aa4d3b8304 24138 12698 11966 13246 6421 24141 12467 347 24139 12732 760 24485 23421 389 6814 
7dd1595886d6590422f9 7162 16414 883 17318 13231 20118 13244 15370 11386 13243 8194 20007 256 185 662 
7def21a2a4798fb906fd 16095 12590 12589 14058 12610 -1 35458 12732 14319 14476 -1 -1 964 30 687 
7e170a64008bc54e0785 33435 7940 31339 43218 43181 43219 43212 33394 33452 33401 43220 43221 16249 5516 43222 
7e1c0f1c9eab58d0c659 -1 -1 -1 -1 -1 417 -1 8069 453 9321 32829 7785 563 31760 -1 
7e5d1029383e2e791fcb 31299 31300 31301 31302 1286 31303 31304 31305 31306 826 31308 31307 31309 8406 11189 
7ec5c9d734754778c2cd 38913 23355 4978 29588 19708 563 -1 2498 3881 7218 29129 2229 37934 1028 18326 
7f9296e99db2faa65f06 38332 5013 38641 19708 3912 38190 338 38843 5421 38416 38223 1244 35308 -1 33938 
7ffb4e75c3a11e596979 12869 12393 14058 832 14057 416 7404 21236 6536 14055 118 490 12353 21269 37951 
804ae174ca68b46992c8 442 435 434 39 648 9167 1122 923 522 441 930 -1 3579 -1 318 
8109cdeb3cb83808fb02 31208 925 31209 22858 1409 31210 25902 31211 210 3781 8033 3723 31212 31213 31214 
818cf63b12baec8df4d1 3504 -1 14580 14667 160 16733 12517 -1 12963 19418 -1 390 21391 427 433 
81a33174273f7bd1c781 3548 4767 6166 43088 1251 1837 417 7479 24233 6828 1105 38468 43089 43090 7595 
8286e2fd269f8983907a 33406 31403 43203 20561 10068 43204 43205 43206 43207 43208 43209 13936 352 38718 38837 
82ffe043a3ccd4bb6a20 -1 31984 1883 -1 -1 -1 26983 21513 4065 -1 -1 -1 21873 21065 -1 
830ad27d91a2a9122e5c 32757 22396 117 109 32758 32654 32759 32760 32761 10722 32762 22981 32764 32763 25181 
8311f302802de27f9ea1 2320 -1 2103 433 -1 869 29112 12032 3599 30407 10963 -1 -1 1085 39219 
837e000349508d31d6e3 31250 31238 16164 25344 6038 31251 6180 23025 7919 27532 2920 30929 31252 3378 3290 
8385ea9c422e34d568e4 3504 -1 14580 14667 160 16733 12517 -1 12963 19418 -1 390 21391 427 433 
839a22d181a08ec694a7 33327 33548 33549 33550 26832 13496 3564 30062 33551 33552 2498 33553 3689 1403 33554 
83d083ee83e7c3ef9f87 1245 -1 8543 -1 24186 42155 -1 4766 -1 428 433 1096 30 118 -1 
83ec36c51cc8149a9e74 2098 1260 461 24200 21198 17564 12654 405 8995 577 39559 13731 39560 10694 36342 
8410a806acfc61d6f37e 417 1841 581 2300 352 2451 43136 3040 19561 43137 7846 5506 43138 -1 243 
841d35be96b03da72c0a 12589 1968 15630 13403 14323 14416 21212 -1 15764 2071 13191 18073 12771 13001 32272 
84380827bffa27536e59 12280 22858 31246 30929 31209 31247 31248 12112 3693 31249 6891 31210 21691 4323 389 
844af9a0ff9f22b2c91c -1 5497 -1 308 30456 111 688 1384 29928 -1 285 327 -1 28852 417 
84da6fc8a6578efe0e1a 5222 1 1344 39 -1 101 794 -1 103 908 8513 3232 5223 -1 5452 
8509325f66a41a8c0f1f 21942 3520 12975 -1 21515 21661 21210 2602 10870 3823 16990 12727 11343 1201 427 
85af3bb32f4068288841 1122 7206 164 6 1741 3494 1402 1080 1085 2606 1306 1019 19 -1 447 
85bc9d13d454ff65a064 12515 13764 13542 30 3367 12537 12529 12410 11433 2963 12534 1127 12692 4266 6916 
8608b2b2383bff80060f 34088 11696 3816 -1 1907 4097 5772 16752 40701 16164 8449 243 30 100 431 
86477d0eee9c09f4b621 35751 35757 4851 1201 12339 8697 -1 17510 1343 -1 6094 954 21088 -1 -1 
86ea09ba53b6c07d6aec 26983 9281 41339 41340 41341 32443 41342 41343 32554 41344 3372 41345 24903 23295 21716 
86fc4fab4c141b3b952c 31519 31520 31521 31522 25065 2498 1247 31523 417 2229 780 3393 1954 7519 31524 
875c9eabe89357953aba 19169 7940 33388 30921 31339 33389 117 33390 171 33391 33392 33393 33382 5516 33394 
878b91bb4be7ddc15c86 31493 31492 31494 31495 2498 31496 1251 25996 7479 2234 18935 31497 31410 31498 11588 
87acb61f4553ba96aee6 40985 40986 40987 40988 40989 566 40990 40991 40992 8426 32581 417 40994 12866 40993 
87e498bc77a187600619 30292 -1 43228 -1 43192 -1 30921 -1 -1 -1 42908 6402 -1 33404 10904 
88007faad8dae7a90fb8 -1 21522 21525 956 21610 3560 37502 -1 21599 1526 132 24085 2182 13248 -1 
8889fd665d20b7ee4ab3 4391 2860 4813 9641 3764 31687 31688 31689 31690 31691 1005 1158 31692 31693 31694 
889509989e0578c86278 14060 964 352 9661 7261 -1 37433 160 11702 -1 12775 13455 1251 2478 2349 
88e17cbe166682c808c8 40170 40171 27533 40172 9632 39533 1907 16164 40173 40174 40175 30496 -1 30 160 
891b6f1980567ccc9333 32757 22396 117 109 32758 32654 32759 32760 32761 10722 32762 22981 32764 32763 25181 
894b2f7d703f3a17f0f6 174 15960 3766 13231 5775 20178 6421 688 1626 -1 20275 -1 12991 35579 4418 
897fdd8f3924d69ba37f 37113 21253 -1 41611 15991 -1 11871 26345 31339 352 -1 -1 33451 210 -1 
8a0537965b6fcd7b37c5 21599 23932 32670 32312 30153 905 41778 12726 41101 2667 210 41779 32672 396 29417 
8a1b47922f9b5c023c6c 8256 26963 33688 33687 33689 33690 33691 33692 799 33693 14176 33694 26034 33695 33696 
8aa791de20f16a353ba7 636 13718 86 905 21547 21602 3984 21496 12207 21513 21515 21650 23453 22018 256 
8aa9e2acab9daa8977bb 14529 42676 6592 33896 34532 42677 7021 42678 26461 6960 9453 5154 30062 30059 17432 
8b17ecb933c89704e9bd 1245 -1 8543 -1 24186 42155 -1 4766 -1 428 433 1096 30 118 -1 
8baae2a99ff74fae4866 4391 7847 318 32121 7180 32122 2367 31786 1608 1610 15304 32087 32123 32124 3549 
8babb2f898fd930b7e05 32787 32788 28615 3085 32789 32790 32791 18251 6131 32792 32793 32795 32794 32796 -1 
8bc3106e04f792b2d504 8437 27156 -1 -1 -1 864 -1 24770 -1 -1 2681 -1 26283 7854 2799 
8bcab586d0bb632acdda 3206 117 16313 16312 577 15361 14844 256 21239 -1 -1 2417 16316 425 118 
8cb965d8979820172e42 -1 160 338 38892 3556 2703 38690 7021 18188 1268 33822 417 31632 7286 1431 
8d124a577b6859104103 34102 34103 6951 34104 34106 34105 11900 34107 34108 34109 30749 34111 7007 34110 23922 
8d7448fe633c8d55f4b6 33985 905 179 1139 5688 13036 37178 2681 4721 -1 -1 2953 2083 157 11820 
8db36b5b2170605f892d 5195 10996 31873 -1 37794 5727 -1 -1 -1 -1 6297 13857 31874 8348 1720 
8dd20f7e80c455c3b87b 3548 4767 6166 43088 1251 1837 417 7479 24233 6828 1105 38468 43089 43090 7595 
8ddb048cf12b089118b3 21089 34120 20502 34121 34122 1096 1169 3602 325 34021 34123 4859 7847 30987 1072 
8df85dde7503bca7d626 -1 -1 -1 -1 -1 417 -1 8069 453 9321 32829 7785 563 31760 -1 
8dfe1a62cc09e6bc91f5 30670 2407 -1 43212 -1 14267 43296 -1 5516 43228 33391 33423 18308 -1 9478 
8e067b123f00f275f8ec 3408 -1 32620 -1 -1 -1 -1 29581 -1 -1 -1 -1 -1 41043 -1 
8e0804d4dcceefa6ac03 636 256 25008 433 -1 -1 22483 2404 12090 5105 41570 4337 1677 22337 14013 
8e626912e26279a0065d 42375 42376 42377 42378 2115 9431 42379 42380 3337 7021 801 1286 42381 33506 8672 
8e73bee82a3afbf7e2a0 32424 32425 32427 32426 32428 32429 32430 32431 157 32432 32433 32434 32435 32436 32437 
8e7f6625dc4d0fc44ce6 10073 42364 16392 38355 42365 42366 42367 42368 42369 42370 42371 4673 42372 42373 42374 
8e931e907077591d9d71 13476 30921 5970 20560 -1 -1 2697 17073 20737 3057 -1 34622 24260 3500 15228 
8ec6a9817d45cdf166f9 31701 31703 31702 31704 31705 31706 31707 31710 31709 31708 12272 12090 22954 31683 39 
8f030025c4b6d4b0eff9 956 2349 43083 6741 43084 43085 12101 210 3539 3210 16678 43087 43086 21080 33093 
8f61eb541ee9a08aa5e5 35466 35467 35468 35469 7854 1501 35470 35471 8741 30359 35472 4665 26424 35473 35474 
8f95c446826a37b51f2b 13333 879 4533 17746 1413 3919 347 13335 956 -1 11501 5576 13334 876 1254 
901d0229958d4c15fce1 34165 8490 -1 -1 -1 -1 2947 8999 -1 31524 -1 -1 21970 34727 16539 
9035b6210c003d8a13c1 33751 16470 33752 33753 33754 14849 33755 8937 33756 12558 3210 33757 33758 14165 22504 
907d945247c07fc1a64e 34226 -1 34430 34694 34427 35205 1814 4079 -1 -1 -1 -1 -1 -1 3491 
9092cd249854c27ab5d5 609 16051 36544 30344 101 -1 -1 243 433 30 34211 -1 4391 426 -1 
90a70034c7e2fca48404 8882 31385 31386 31387 31388 31389 31390 31391 13996 31392 31393 31394 31395 28820 27701 
911346398a84461b8c26 31731 31732 31733 31734 908 2860 31736 31735 31661 31737 30187 86 31738 31739 31740 
918616bad0f4056f8444 4555 13162 32158 7175 3693 2264 9210 12196 384 -1 98 28290 6905 -1 3539 
91c95aaab92b484838da 31661 -1 32089 2653 40891 -1 -1 11996 32192 40565 2799 30 100 425 687 
924d94cf6cf2e4f809dc 10722 901 27114 256 15845 32461 5050 32462 3919 2067 746 32463 32464 18106 21711 
92738711cd8db3ce8eb0 42650 42651 4766 1643 42652 417 210 1252 566 9210 22703 42653 2342 42654 7785 
9296d4393258b9b84561 901 10797 39892 39893 4096 7314 9321 39894 39895 32482 27033 999 -1 39898 425 
92d421d229c705528c98 34165 8490 -1 -1 -1 -1 2947 8999 -1 31524 -1 -1 21970 34727 16539 
92e4c0f404df7c47b052 37328 36744 2546 42187 42188 42189 37172 42190 42191 2113 32099 42192 15691 38501 42193 
933378436a0f93c0e6bb 31892 31808 4813 31890 21531 27361 -1 31743 5576 4533 -1 9210 -1 23295 1105 
935c0d3a3ad19abb0ddc 23763 17546 210 25344 21471 25902 1265 22384 2573 25540 3723 31231 42317 38909 42318 
9371668256ee9a9382d9 16260 12507 -1 -1 -1 662 12367 -1 -1 -1 -1 -1 577 4288 2796 
93a1bf838ec807fe6ced 30254 30318 30319 30320 30321 30322 6162 30323 30324 24186 30325 1264 7786 30326 28264 
944de33b0892a7956def 7994 43195 43196 31339 33466 43197 43198 43199 31182 43200 2103 688 -1 30 428 
948d2e9bdcd26a35351c 31593 7784 31594 31595 31596 31597 31598 31599 210 31600 31601 176 16513 1096 956 
94983e341e924ee6707f 40618 31832 -1 33081 591 21443 17490 32148 8102 1297 2506 12090 30276 4487 13324 
951389448ba31a7b348b 7994 43195 43196 31339 33466 43197 43198 43199 31182 43200 2103 688 -1 30 428 
95dfa8d04101a204c462 1631 7610 5396 1948 360 3494 101 577 178 619 906 -1 30 164 1751 
96090a52e23349257e79 12713 117 1968 12771 -1 12715 2368 12391 -1 -1 13290 999 185 -1 5205 
9614f8744c55841785ae 30826 1286 3817 31326 10956 2599 31290 31327 31328 8937 31329 31330 8406 31331 2791 
9642cb437d64189187ad 31808 39334 40678 2860 9871 433 31655 40679 31898 22695 3881 26062 25005 4808 18408 
9678e9670af507df203b 34102 34103 6951 34104 34106 34105 11900 34107 34108 34109 30749 34111 7007 34110 23922 
9681361952a84dec33ac 417 8844 8762 31557 31558 3548 210 9661 31559 30 425 431 956 687 -1 
9691f5b8062add6763a4 33435 7940 31339 43218 43181 43219 43212 33394 33452 33401 43220 43221 16249 5516 43222 
972f2df2ac0110ab3065 7848 37290 8028 13939 94 -1 -1 14502 -1 26996 2417 41748 32131 -1 -1 
976e212e26830a74a971 13542 12353 3367 12515 2963 14656 12537 13159 12534 14604 2073 12359 16901 18649 14572 
97f0f586495996e94cda 38199 38439 38416 38440 38441 5416 38356 4045 31311 38442 38443 38444 38445 38446 38447 
97f6e7daba7fa6629544 17371 9707 115 31138 31139 26237 5049 6131 6496 2174 18602 1039 312 31140 31141 
982088b318611b81e250 -1 1631 906 5953 9529 39 -1 8925 -1 492 105 6668 2279 5452 334 
9831393ac59775446544 13984 43292 86 1131 20342 5775 256 3766 7835 43293 26395 16494 15677 4352 7406 
983f6a682f154fdc7a94 6291 16380 15769 14604 14656 14562 7403 14575 16770 12781 433 1118 21391 431 -1 
984b2afef3c34cce86ad 33327 33548 33549 33550 26832 13496 3564 30062 33551 33552 2498 33553 3689 1403 33554 
9874ff8ec65f396d8ed1 31816 132 31817 40712 6454 40719 31808 40720 4813 35624 40721 40722 40723 31 2316 
9876b0913168ec3f324b 30254 5207 2860 2167 -1 2640 433 865 427 30 688 34648 30275 2460 3217 
99aa4e1d9a784dd5aa48 2098 1260 461 24200 21198 17564 12654 405 8995 577 39559 13731 39560 10694 36342 
99bd8242ad7bc8551a1d 30293 31339 13243 43290 42493 15527 5516 7940 6285 33429 38544 117 5416 42839 37677 
9a2ef82ead416919eca4 31345 31346 2795 31347 16801 31348 16802 31349 4978 31350 31351 31352 31353 31354 2113 
9a4e1cc337371cca4985 8338 25911 2384 2855 3760 1476 -1 4403 32072 9509 -1 1867 30 185 425 
9a595666cd8b70b5924b 29643 9268 31578 26230 8762 31579 6277 417 1148 31580 31581 687 31582 31583 31584 
9a7818e0ddb1d56a63f4 4337 636 -1 -1 20829 -1 433 20526 -1 6899 -1 -1 256 -1 2234 
9a92676675df17cbcf91 31215 31216 31217 31218 22283 26658 30929 31219 31220 31221 31222 25344 31223 10380 2920 
9adf094f3c7c2e998456 42995 5207 42996 33572 3207 42997 42998 2785 42999 34857 43000 43001 39334 30081 16104 
9b2ea742c86b88125414 23930 21512 2626 22959 10589 23919 23931 23273 21513 12351 256 5300 21602 6905 23932 
9b2f65d49c1dc24566fc 33446 33447 11696 33448 7854 33449 33450 33451 17271 1249 21499 27259 6277 6576 11140 
9b32c5f7d28f99a92da4 11140 33818 33930 24186 35829 8594 8605 5630 32411 38999 210 26396 31500 9210 -1 
9bee513bc6ead1da35ef 24960 31804 31806 31805 6454 9814 709 591 5727 314 195 262 2681 31807 9598 
9c37d5d3c7acf9268d28 3425 10883 12190 869 2238 3318 3032 485 12191 3935 35326 1413 4372 12056 1583 
9cb7b29346f8f48964ad 38913 23355 4978 29588 19708 563 -1 2498 3881 7218 29129 2229 37934 1028 18326 
9cbad2a9f0c8daaf4033 23407 21547 41060 12726 23408 21942 4616 1177 -1 21624 3615 21816 20208 12112 23290 
9cf7e499a918bb036973 10760 32482 30 427 433 -1 185 7892 10082 -1 -1 111 -1 23740 -1 
9d34b00f96d01726398e 32098 31696 -1 -1 40652 -1 13494 230 31860 40678 2505 7478 2367 31668 688 
9d566408dbc4321f3515 26983 32446 4065 11678 20475 527 30182 32447 32448 7745 8561 32449 2229 4729 32450 
9d641c7f8911866322bf 33985 905 179 1139 5688 13036 37178 2681 4721 -1 -1 2953 2083 157 11820 
9d92aa8bf8ec6cf88cad 35439 35440 1265 7167 35452 31518 35453 11592 3390 883 3539 5576 35455 35454 7170 
9db237985e664bd98d31 15472 13928 14240 256 6633 577 7345 2417 17665 30 16485 19372 411 13196 899 
9dcd4f78f816bbe6ad1c 21970 30184 -1 38249 1431 42153 31813 28196 6363 -1 -1 5108 21284 40835 876 
9e443aa1d21d10e77011 16927 42525 42918 42919 42920 25416 33572 42921 42922 42923 42793 7946 7629 26374 12866 
9e5acd851f14061c1c83 -1 -1 9641 543 3549 -1 21276 34747 -1 462 -1 3539 27399 9871 16628 
9e69b4be3c3de169daf7 1244 -1 42537 -1 -1 -1 11024 38226 -1 -1 -1 -1 -1 1249 38347 
9f86047b146e332749eb 3561 31406 31445 31538 8734 31539 2843 22958 11588 31540 3549 20379 -1 20432 -1 
a0411200e5b9fc86dc14 42910 42911 42912 42913 42914 10402 23569 42915 1643 42916 42917 10818 9571 3602 4395 
a09acb1a99242248f352 31833 9641 31836 31835 31834 345 8510 4813 23578 94 2227 31714 12275 31805 956 
a0b87062f88dc042967a 39831 20441 2183 25237 12090 1039 31121 -1 -1 11449 -1 -1 999 -1 -1 
a15a31f45e863a5a54ee 985 7152 318 40660 31714 40762 29773 2367 8978 -1 32191 -1 401 31705 -1 
a166c685e345dd53aa93 210 31362 31363 31364 31365 2463 31366 31367 27529 31368 31369 2573 2703 11172 31370 
a186d302c5c84812ae25 1861 1814 31714 4533 2860 956 31879 10959 417 31880 15802 2234 9048 31872 31881 
a1e23f04e6ed4f50011b 13562 1304 13791 14901 21239 2796 117 30 19676 21240 12831 14937 17787 3367 21241 
a248bcb285112b54c2fa -1 32328 41857 -1 32631 18627 32296 -1 32280 -1 32963 -1 41863 1403 4841 
a2574050298872dcea89 3206 117 16313 16312 577 15361 14844 256 21239 -1 -1 2417 16316 425 118 
a267e0628a5a2fb89a80 8338 25911 2384 2855 3760 1476 -1 4403 32072 9509 -1 1867 30 185 425 
a37d444a213e6567bfab 42088 7100 30200 42089 42090 30261 804 42091 30210 42092 6162 12068 2608 11950 11024 
a3a21be4640edde1bd48 5416 -1 2830 38276 799 11177 -1 469 2785 -1 27701 38291 -1 38435 6694 
a409f34093a5d204ba7d 15472 13928 14240 256 6633 577 7345 2417 17665 30 16485 19372 411 13196 899 
a487f73e5de69f04db0a 38332 5013 38641 19708 3912 38190 338 38843 5421 38416 38223 1244 35308 -1 33938 
a497565a8e4d3b77173a 338 38459 8860 8561 1293 905 2703 19680 38460 30254 38461 38462 4585 38463 31200 
a4dbc4f266aed31b3bef 7300 35485 3723 33680 35486 20495 3113 26445 16747 25344 19818 35487 433 2073 2799 
a5c0d786a2dada7786dc 40603 25478 10959 31808 18046 32152 40604 40605 427 433 115 40608 30 40606 40607 
a5d764dcd3ca8f6c09a2 31731 31732 31733 31734 908 2860 31736 31735 31661 31737 30187 86 31738 31739 31740 
a6147cb71277dc77a358 1595 40284 1140 406 3984 -1 4862 18314 -1 -1 4889 11439 -1 -1 -1 
a653192c7b3c53320df7 925 23760 21627 25912 23764 23907 31231 5492 25902 433 -1 42321 42295 30 10078 
a70fa7228646b7909272 -1 117 33113 -1 33114 12035 1887 687 27896 -1 -1 4434 11483 -1 256 
a77b6cf35ea6cbdbd895 4391 7847 318 32121 7180 32122 2367 31786 1608 1610 15304 32087 32123 32124 3549 
a7dcde066323e072019f 38448 10426 38398 24401 -1 3085 8853 6592 38788 -1 3337 38185 9516 25590 29039 
a7fa817f7b3f938461b9 31484 31485 31486 11843 31487 31488 31489 4808 31490 30399 2701 956 31491 5630 11200 
a84c17f29854213170af 21295 19436 485 34475 -1 5170 30221 -1 34805 34478 3318 9086 -1 34904 35087 
a90cbef44df3572590d7 31437 31438 31439 10999 31440 1954 31441 31442 16258 8605 13386 31443 17432 7021 31444 
a9acb7986af767d3a3c7 37328 36744 2546 42187 42188 42189 37172 42190 42191 2113 32099 42192 15691 38501 42193 
aace09c8997e06ed945b -1 -1 427 -1 -1 -1 9429 27391 -1 433 5637 -1 -1 30 -1 
aaefbed83ebe96762dc7 1393 43014 42761 43015 1286 20991 20789 3548 964 43016 1149 4841 1385 10946 1951 
aaf3231d12f41345e908 6899 32368 999 210 -1 1526 688 33030 8465 30153 -1 33629 19169 1397 -1 
ab31e703158169d7d548 40705 31752 591 31765 31751 31882 4813 30005 1403 -1 2404 18612 8978 38409 427 
ab515dcc5d1ac466f470 33746 34924 -1 -1 3729 38291 -1 35526 33846 -1 2349 9394 545 4047 -1 
ab890979c3b554f5b828 439 1110 6215 1117 39 435 930 794 1961 1675 826 5132 923 1398 1816 
ac23588b6dafa226e46b 31332 31333 6786 31334 31335 31336 31337 3922 31338 31339 31340 31341 31342 31343 31344 
acbc2a10fd3fbd36c6a6 5416 -1 38571 1836 2426 1268 7016 31310 -1 38249 8672 2791 9504 -1 5013 
accfade12a65eff94074 18757 43244 352 1372 2702 43245 43246 15496 30453 354 43247 2115 4593 688 7012 
ad200a9cbd18250893b5 43267 7994 43268 1250 33388 26034 38828 7006 7787 36204 2608 741 352 43269 39110 
ad4fea7af7e7e2cf1980 1918 981 3206 12618 14971 662 12768 11585 12992 998 12659 23421 14727 -1 13994 
ad6e86890883de09595a 42441 33687 42442 42443 2113 30306 42444 42445 38332 42446 7756 42447 10076 11189 42448 
ad96da29403fb3722eb4 20657 21650 256 21673 118 21564 23281 23837 1096 8684 636 21496 117 23601 2073 
ae70e2c17c1de1264a96 32092 1907 8126 34000 32231 8449 34001 31488 33971 9871 34002 1423 34003 340 14165 
af94a199ceca6cd2781d 1393 43014 42761 43015 1286 20991 20789 3548 964 43016 1149 4841 1385 10946 1951 
afa5b08417ced043bf79 9529 358 906 360 117 557 840 436 39 -1 732 551 4944 5396 3172 
afe1414c781e6578387d 43187 27598 5234 33397 2335 30399 31598 4767 2498 352 26091 2443 43188 26034 38379 
affc6f93c6445cdbeca4 3984 -1 6421 30860 8311 -1 347 6291 13525 12774 883 3886 256 19906 998 
b03de24cdb549bf885e5 26423 -1 -1 -1 31675 30918 29781 -1 2144 -1 -1 -1 -1 3087 -1 
b0555df59a2f56c87d26 22089 -1 256 -1 21916 23069 11210 6394 10589 21766 -1 21547 23067 23749 1003 
b0a0adb5c36c8a533600 384 30319 37794 8600 40631 433 22986 3491 -1 -1 -1 30 688 -1 431 
b0ad1fdfbead132ac203 318 9641 3764 2367 1028 4391 31884 4813 31718 31859 31885 31886 11592 31887 31888 
b161aceb961fdbc15fa1 1631 1850 360 1323 556 2408 -1 492 2599 -1 5379 -1 -1 7610 4944 
b20529bb2417d32a906b 40349 -1 24022 9955 -1 17338 16763 17172 38123 35656 25617 -1 25169 2384 -1 
b22cf697248bb32793b0 338 -1 34013 42135 38947 42477 1431 14221 -1 33730 38276 22695 33413 11554 -1 
b22d4ff01b49fa437095 32234 905 33256 33257 26485 4838 33258 33259 33260 33261 256 33262 33263 2498 2349 
b23265243e1df80877b1 1631 39 -1 795 1962 451 -1 525 339 2279 2028 2949 3919 -1 10830 
b25a95dbe8dab8bf21b3 5416 -1 2830 38276 799 11177 -1 469 2785 -1 27701 38291 -1 38435 6694 
b288fa2f54bf05ff4d05 39767 1260 39768 39769 13838 1648 39770 39771 39772 21051 6730 7728 39652 19890 2177 
b2ed21b6725ef956d206 -1 -1 -1 4391 164 5434 1060 2 657 6 1228 150 436 1 -1 
b34a88f9e2bf682176e6 31949 19871 31892 40511 4099 37182 31808 12333 40512 318 33101 9431 9641 2408 31184 
b38a7b7cfd74299703b1 27598 39634 30755 39635 39636 39637 3554 836 39638 39639 2171 7635 25972 12090 39640 
b3a02ec5def96d74b701 31250 31238 16164 25344 6038 31251 6180 23025 7919 27532 2920 30929 31252 3378 3290 
b3c62f0efb0d638c9652 23014 23710 636 15847 256 11220 21602 7654 23707 23711 22018 22833 1583 170 22565 
b3e6207bdd6ec6c411dc 338 39529 563 23968 19267 39861 39862 2349 12351 39863 39864 37298 9054 26454 39865 
b3e9ed570ab43f86e5b8 9254 18920 30378 30578 30369 30579 9318 28399 30367 30580 26237 25368 30581 27584 352 
b404882c514f395258b0 15472 13928 14240 256 6633 577 7345 2417 17665 30 16485 19372 411 13196 899 
b4202c33a00d9e2ddef2 33751 16470 33752 33753 33754 14849 33755 8937 33756 12558 3210 33757 33758 14165 22504 
b48703014fe4099cefba 24005 23769 31228 2314 25902 6171 31229 31230 111 21471 28807 21970 1343 25912 23760 
b4d86215367883dabf0f 42642 34992 8982 42643 40348 42644 42645 42646 31468 42647 42648 9012 42649 17432 28059 
b4e3e86fa23525c23378 2103 956 100 12090 20082 33088 43002 3210 43003 5198 43004 6300 43005 2349 43006 
b4f285430671e7dc1af0 16086 39599 996 39600 39601 39602 19169 39603 39604 39605 1583 117 1918 12909 39606 
b4ff7f102067deb39028 338 39529 563 23968 19267 39861 39862 2349 12351 39863 39864 37298 9054 26454 39865 
b54deb802e0d53b41305 31423 31424 31425 31426 31427 31428 31429 31430 31431 31432 31433 31434 31435 17432 31436 
b567320d920eaaeb2aab 39016 36068 12346 13765 23922 5108 12909 1398 1028 9268 4391 39084 35754 35753 24451 
b57a176fe4c6952eb185 34607 6162 956 42248 10850 2167 2608 -1 7021 9508 -1 926 35628 19273 14756 
b5c69732ab11fb1f4884 -1 33674 24485 338 11082 33642 -1 -1 33646 761 25279 1245 1244 -1 687 
b642f684f6afbb1d3dfc 160 13460 14060 -1 -1 18639 4353 9661 13458 13455 352 -1 111 -1 816 
b65eed6906d41c181509 40981 21987 20526 40982 185 40983 563 38372 30088 21513 40984 2843 22754 2421 242 
b675e6d47d2bf6a865a5 17542 35932 35961 954 36001 23972 33142 5108 26151 37909 -1 876 -1 5107 32644 
b67c337bf55994a95015 -1 31808 2367 10830 100 433 -1 -1 30 428 31714 -1 -1 31718 38181 
b68ffe3adbba3fcb9ae8 2368 1096 30 425 688 43146 29224 16727 
b695c7302a971ba7fb05 15870 6849 16467 30 20265 2026 18151 16463 -1 -1 -1 12651 5013 16259 353 
b6f6152ee929a7e31e05 43166 31564 43167 43168 4672 22606 1951 43170 43169 1249 43171 43172 1443 43173 43174 
b7085366edd37457870d 38448 10426 38398 24401 -1 3085 8853 6592 38788 -1 3337 38185 9516 25590 29039 
b7541d5d50038ff42c6f 40766 40767 4813 22539 883 35536 40768 35994 9641 3764 7466 1048 22908 19727 40769 
b799c7752775e285c4bc 11710 -1 5416 7761 36788 34066 -1 2095 -1 33809 -1 2791 2664 -1 24110 
b8601ee577a255a4b370 901 10797 39892 39893 4096 7314 9321 39894 39895 32482 27033 999 -1 39898 425 
b889111d0e5726584b27 -1 -1 174 260 6 1325 304 3275 138 12181 13 164 175 -1 558 
b9885a7219e354224182 7300 -1 -1 34495 3539 9059 4157 15457 13107 -1 3781 352 11554 2573 3747 
b995faa6f533e313a79d -1 32724 34780 7786 -1 985 33591 -1 5208 1534 -1 7934 -1 -1 -1 
b9a363c7a763cfbb368a 3984 -1 6421 30860 8311 -1 347 6291 13525 12774 883 3886 256 19906 998 
b9e591c97c03ac918459 33840 33841 1343 481 8070 26785 2349 33842 2229 4668 11662 8605 33843 6960 33844 
b9ff64187cf8295da5a7 -1 32328 41857 -1 32631 18627 32296 -1 32280 -1 32963 -1 41863 1403 4841 
ba222e52e6991241e37f 31453 31454 31455 31456 10007 3220 2349 27457 20886 31457 566 31458 31459 2229 31460 
ba2aeac48b76ab09a176 32954 33276 32299 417 24225 33277 33278 33280 33282 33281 33279 2103 33283 33284 1247 
ba8c2ec80ddb8c2fd644 31949 19871 31892 40511 4099 37182 31808 12333 40512 318 33101 9431 9641 2408 31184 
baa7338e456d9b5e9088 30407 1964 31536 2947 30 433 426 21290 374 31535 20502 7786 20963 31537 3315 
bab1c64527763b4fcb4e 7162 16414 883 17318 13231 20118 13244 15370 11386 13243 8194 20007 256 185 662 
bafbf9fddfa7e4953196 16685 -1 17839 30 22888 -1 -1 14416 3367 900 -1 1968 39174 15272 -1 
bb4600192cf23d04336b 40603 25478 10959 31808 18046 32152 40604 40605 427 433 115 40608 30 40606 40607 
bb4aa3237cd5d0a26016 39383 86 2979 360 -1 -1 2983 346 10509 -1 -1 577 267 21284 24826 
bbc42e714fd27776a40a 31808 -1 2073 2527 3539 30314 7394 -1 647 7605 160 10082 -1 2799 30 
bbd4ea5153307744ef40 338 8543 9661 -1 21374 -1 9048 33822 417 396 -1 1105 1244 8458 -1 
bbf685f9d54025328685 -1 2107 1244 -1 32724 42115 5416 -1 38249 -1 38818 -1 13590 -1 2114 
bc02a915933408cc8674 556 1020 360 806 262 -1 5396 6018 9529 -1 1631 403 1813 5451 1751 
bc1c91e25b5987d68831 925 25902 14364 31228 1353 32042 9210 -1 31169 7020 15125 33121 -1 25912 -1 
bc277896df203b59d9fc 16086 39599 996 39600 39601 39602 19169 39603 39604 39605 1583 117 1918 12909 39606 
bc54455850ddbce786c3 2379 160 7892 999 30264 30 425 30260 30261 30262 956 30263 30265 30266 7566 
bcb74ac0fa7874d2bd99 30254 5207 2860 2167 -1 2640 433 865 427 30 688 34648 30275 2460 3217 
bcd4b28bc4302daf5451 13016 35627 -1 -1 881 12762 1373 8311 883 7560 35636 24011 6308 4418 24733 
bd1199eb4fd33246531c 31569 31570 31571 7021 31572 2013 31573 31574 31575 31576 7391 14484 14109 29129 31577 
bd1a5f31575f7490889f 31414 31415 23569 31416 26289 8982 31417 31418 31419 31420 31421 3539 7678 876 31422 
bd26e1700089caef63a3 1953 3766 39114 -1 -1 4415 42221 15809 -1 40146 -1 -1 -1 -1 -1 
bd3281b2f253c6545cad 33846 2467 -1 33750 -1 -1 1584 12212 5516 38526 -1 -1 3705 -1 688 
bd38664f14d5570e6234 30250 42088 6162 30200 7100 42084 836 29573 4078 38684 34972 10509 926 2608 11183 
bd402346abb6fab9477d -1 10509 2174 42743 6578 10001 427 30 433 242 -1 112 861 42514 171 
bdaa9b7785d3a197a9da 31716 31717 9838 31718 31712 21672 4813 31719 31720 31714 11176 11696 12090 10860 2349 
be62f1a433abb346ddf5 14060 964 352 9661 7261 -1 37433 160 11702 -1 12775 13455 1251 2478 2349 
beaddc29d0bffb6bceae 42661 42662 42663 17229 42664 32561 8025 3602 23384 42665 42666 10056 11914 3408 3539 
beb7230330fb8da772e2 3353 -1 -1 1126 543 1184 -1 -1 8474 6 164 2227 -1 15457 201 
bfb997b7d09e23ab98a3 11314 39622 11966 23550 26523 30934 15181 7728 35195 2640 39623 39624 6434 34503 999 
c1e58dc43baec67e38c3 8287 35676 7649 35677 243 35678 21737 35679 35680 35681 2972 773 17546 2681 1201 
c225ccd4609f98fc08ec -1 6537 19708 1700 30 12856 -1 813 -1 12916 12443 117 2429 12391 -1 
c288a4ef08b8671e3bdc 34062 157 4097 16744 34063 34064 34065 34066 34067 16583 15853 34068 23008 25449 9210 
c2a77b25d94f76217d27 40636 -1 13436 22614 2599 636 34289 -1 23887 21893 21655 24536 -1 19257 21547 
c2bc8b8c8101d3b1e7a3 6668 358 360 492 164 39 906 262 3138 1306 826 101 561 558 5953 
c2f6ea5034962c1c197f 3561 31406 31445 31538 8734 31539 2843 22958 11588 31540 3549 20379 -1 20432 -1 
c3e094f5449578add46a 3127 2947 12258 4755 12259 4753 1038 12260 12261 12262 4616 2761 3490 10842 12263 
c40ac215045af6277a69 31661 -1 -1 -1 -1 -1 -1 -1 -1 10921 -1 -1 10842 -1 433 
c4c1fae709efaa2b5a57 34877 42070 10760 42071 30236 42072 42073 42074 2167 2546 42075 42076 42077 11950 30 
c510a5b03c1cd10ae268 38339 38448 38879 29039 -1 1244 10789 5416 338 31261 33746 -1 -1 -1 4978 
c5a815db240816201dfe 31816 132 31817 40712 6454 40719 31808 40720 4813 35624 40721 40722 40723 31 2316 
c5bc7f1fcf664d16e6c4 31569 31570 31571 7021 31572 2013 31573 31574 31575 31576 7391 14484 14109 29129 31577 
c5ed1987b478baac3d94 2084 39614 2098 39615 39616 34844 10791 352 2716 39617 21823 39618 39619 996 39620 
c649cc909e7dbded6ce8 2084 39614 2098 39615 39616 34844 10791 352 2716 39617 21823 39618 39619 996 39620 
c6893308c1fac1ff1853 4415 30280 30281 1003 30282 11774 4558 30284 956 30283 5014 30285 30286 2608 30287 
c701871011853d220de3 -1 34295 -1 35415 42111 19102 34088 2338 34247 2342 7100 39241 -1 427 -1 
c78241fb45f0504a2eaf 16076 19391 -1 10375 1289 12930 24485 17853 12507 42765 956 28324 27383 24105 12391 
c791152d55e6637d8787 31302 -1 31307 -1 14777 -1 -1 17357 42483 42020 -1 -1 -1 31300 -1 
c84cb02da2627258ab54 19169 -1 -1 33408 -1 -1 -1 30712 -1 33404 -1 2349 -1 2335 12090 
c908d04a9f4df4354167 1631 1850 360 1323 556 2408 -1 492 2599 -1 5379 -1 -1 7610 4944 
ca0112672dc336e671a1 31293 2470 31286 31294 31295 31296 417 2703 210 28818 31297 4978 31298 3729 5006 
cae4f263613f85ee3c90 2103 956 100 12090 20082 33088 43002 3210 43003 5198 43004 6300 43005 2349 43006 
caeaf6ab38952148a898 33746 34924 -1 -1 3729 38291 -1 35526 33846 -1 2349 9394 545 4047 -1 
caf289a340ebf147f1ab 24138 12698 11966 13246 6421 24141 12467 347 24139 12732 760 24485 23421 389 6814 
cb1dcbf8e170a040a05c 9434 31310 3922 31311 8672 31312 31313 2115 31314 2381 31315 31316 31317 31318 30753 
cb205a37a64c4eef8475 -1 7940 4352 43212 33466 171 31339 -1 33465 -1 43191 101 33406 5516 33425 
cbbfdaaa40d9f1a6ea53 4724 30249 799 7021 30250 30251 5075 30252 6162 29129 30253 2608 9571 21284 659 
cc06e2f73e9f375a7e51 12849 12771 12515 -1 -1 -1 12653 16564 12564 428 21211 -1 -1 4645 -1 
cc1f4c8c30c0e584a6b6 40074 12449 256 40075 24981 5341 249 23442 2537 40076 40077 117 688 2236 787 
cc2100abed0871c9350f 30275 2234 2608 30306 34401 30324 20502 34609 10977 7021 3881 -1 7786 2342 -1 
cc25ab1294dd8ea8856b 956 2349 43083 6741 43084 43085 12101 210 3539 3210 16678 43087 43086 21080 33093 
cc9b74b47deaf59a68d1 32813 -1 22967 256 -1 -1 41538 -1 -1 -1 33128 26954 -1 14223 21602 
ccb0f27ec66cd06f0339 32092 1907 8126 34000 32231 8449 34001 31488 33971 9871 34002 1423 34003 340 14165 
cd527c5594b7bd13140d 2098 1260 461 24200 21198 17564 12654 405 8995 577 39559 13731 39560 10694 36342 
cd589faae4fb8a8cc500 28556 39827 -1 7728 21781 -1 3770 406 5 5971 -1 23188 -1 4974 1254 
cd63d340069cdca5dfa8 40636 -1 13436 22614 2599 636 34289 -1 23887 21893 21655 24536 -1 19257 21547 
cd640924d9c80d507ff9 31180 31181 16478 210 10471 996 2730 19833 3781 31182 31183 25701 15457 352 31184 
cd786d8750025cd2bc0d 9529 164 1631 397 358 906 -1 6668 8900 2217 210 35633 12090 2623 930 
cdbaa0526d983ca2dc45 -1 34295 -1 35415 42111 19102 34088 2338 34247 2342 7100 39241 -1 427 -1 
cdf08b1f82f4fc6770ec 4785 31633 31635 956 31634 17368 31636 2119 3548 476 687 132 -1 100 1304 
ce169a8f42283c541db9 12869 12669 15181 117 174 899 12589 7162 879 5060 12590 12894 1644 12520 2073 
ce4d7caeb35599dc19ff 14529 42676 6592 33896 34532 42677 7021 42678 26461 6960 9453 5154 30062 30059 17432 
cec231788670b919751f 31293 2470 31286 31294 31295 31296 417 2703 210 28818 31297 4978 31298 3729 5006 
cee9b527bd014cf5fdde 33429 117 42839 -1 38547 2379 799 31339 32805 -1 30295 43218 8393 43224 33430 
cf380b101a7d7dc4ed6f 338 -1 34013 42135 38947 42477 1431 14221 -1 33730 38276 22695 33413 11554 -1 
cf5fd620c9e380804b98 8762 417 31562 956 31563 31564 31149 31565 25210 31566 9453 6180 9017 31567 31568 
cf9614b47f505d8605ca 1951 31543 31544 31545 31546 31547 2582 31548 31549 3678 31550 7021 759 1260 15469 
cfd402e0a9f6cae2a692 3561 31406 31445 31538 8734 31539 2843 22958 11588 31540 3549 20379 -1 20432 -1 
cfdcaab7bcd214e0c0e3 42441 33687 42442 42443 2113 30306 42444 42445 38332 42446 7756 42447 10076 11189 42448 
d0ce1f2f8808f93bdf27 18757 30292 8747 1372 9424 1268 30293 30 2073 1413 425 30297 30707 2799 -1 
d178c3538b2496b95cd5 -1 5497 -1 308 30456 111 688 1384 29928 -1 285 327 -1 28852 417 
d1e679dc3e599251ffed 3527 -1 9589 3047 14207 1584 494 4065 2744 4936 29637 12090 484 4938 -1 
d25dafa54cfe084f2400 6899 32368 999 210 -1 1526 688 33030 8465 30153 -1 33629 19169 1397 -1 
d2ab0478437d56f3d7da 31445 31446 31447 31448 31449 31450 17485 1398 8734 31451 7761 31452 2498 9571 28059 
d2ae2f677b0024be6296 31808 40906 40891 40916 -1 31949 28384 31682 8434 318 1491 -1 33482 12090 14261 
d2bb762fa90d55735b4f 338 1244 38249 32557 33822 31900 33823 -1 5916 -1 2231 9661 -1 2781 12746 
d3688319bd223750724d 9254 20963 -1 21322 38031 -1 -1 21604 -1 427 -1 433 -1 30 109 
d3a8bfde990de5b03234 7170 7162 347 16816 20822 5008 1373 7849 13559 -1 -1 -1 13251 -1 36724 
d3cf6323e7eb47b67b05 23666 23665 20361 2557 21497 905 6899 21650 22284 23430 21547 7892 26217 21754 2868 
d449f7dc6f2f884814aa 32234 905 33256 33257 26485 4838 33258 33259 33260 33261 256 33262 33263 2498 2349 
d4af1552d5681f570ec2 8437 27156 -1 -1 -1 864 -1 24770 -1 -1 2681 -1 26283 7854 2799 
d4b32a4a2c9b1758fa9a 41125 32949 23548 41095 12723 41126 11587 32441 23077 32419 23204 22183 22158 41127 41128 
d4f21464885d3c4e4390 31627 30709 31628 1260 5110 27661 31629 566 31630 24015 31631 3102 9125 31632 -1 
d4f240841ea2efa2d8b9 31191 31192 23384 31193 31194 20748 31195 30929 31196 31197 31198 31199 2920 4808 12090 
d50719cf8a961760dd3d 3127 2947 12258 4755 12259 4753 1038 12260 12261 12262 4616 2761 3490 10842 12263 
d5d1f6aecd56e60593e4 35863 1003 35864 13678 117 15535 35865 35866 12909 10120 6394 15786 31121 210 13681 
d62c0b6871a22fe90262 -1 -1 -1 -1 687 32410 18370 -1 2795 -1 -1 -1 -1 -1 -1 
d66802bd87098c55f52d 26423 -1 -1 -1 31675 30918 29781 -1 2144 -1 -1 -1 -1 3087 -1 
d6eba08ffc7cf1670b05 31808 39334 40678 2860 9871 433 31655 40679 31898 22695 3881 26062 25005 4808 18408 
d75d8b217289af45f6d9 31337 43223 31401 31400 31339 43224 43225 33388 33425 38916 42493 43226 13511 43227 43228 
d7f1dee0457d06134b5e 31585 31586 31587 31588 31589 31590 23487 31591 21865 19618 1492 1105 30545 8816 31592 
d8a1cb28b981e840cb9d 338 18330 38263 33822 2231 417 13684 8575 -1 352 -1 1249 2582 -1 6828 
d9359f7304b2e5309849 185 33790 13838 26425 17177 36038 5181 29116 2867 36039 3341 36040 4320 36041 876 
d948dc6acd6c49b87719 1533 3324 23224 20502 34380 34163 34381 15566 34382 30865 6368 8543 6813 26395 34764 
d958c8f4cc2086583c16 31718 25604 -1 -1 21969 31782 -1 -1 -1 -1 977 -1 -1 31776 -1 
d9a0ce378ebb1cf9be34 2896 1384 1583 2895 2556 -1 867 5262 195 30 2680 2073 1393 8190 39 
d9bce81097488125d5fd 7300 -1 -1 34495 3539 9059 4157 15457 13107 -1 3781 352 11554 2573 3747 
d9d8733934cc8b6fa3c8 5222 1 1344 39 -1 101 794 -1 103 908 8513 3232 5223 -1 5452 
daaef2727745510f58f1 11838 25344 3830 31172 16164 31173 31174 31175 11843 31176 31177 31178 10483 31179 3090 
db33e6c10aeb35b65dd6 32066 31820 31949 40619 9641 4813 86 318 541 591 10663 31890 31714 2860 3372 
db5ac11807f0ea88e4b1 1951 31543 31544 31545 31546 31547 2582 31548 31549 3678 31550 7021 759 1260 15469 
db79ab787ee9d14e450e 21295 19436 485 34475 -1 5170 30221 -1 34805 34478 3318 9086 -1 34904 35087 
db81784abf28e57735e8 -1 -1 30288 6490 2608 36682 9869 34673 4415 -1 -1 -1 15125 25169 -1 
dbeeb574f5ac79460051 33846 -1 12212 34924 -1 38614 -1 38245 -1 864 -1 38244 21604 -1 38752 
dbf775707a4723eb5b26 24138 12698 11966 13246 6421 24141 12467 347 24139 12732 760 24485 23421 389 6814 
dc74bc0fed9f77d49562 7879 1247 1245 42589 235 12866 6643 23224 31479 42590 39515 33507 42591 8543 42592 
dc8faf13859f6358934a 6451 2103 185 169 942 165 285 9182 505 3127 12090 28880 254 433 8499 
dd7c3bb5513dfae35250 30407 1964 31536 2947 30 433 426 21290 374 31535 20502 7786 20963 31537 3315 
dda25e3821ac7e50a348 21560 3871 14961 21650 21558 905 2799 23732 21499 -1 117 -1 14945 13228 -1 
de89e1732660553e80c7 23666 23665 20361 2557 21497 905 6899 21650 22284 23430 21547 7892 26217 21754 2868 
debd959c4a67de2f7644 39767 1260 39768 39769 13838 1648 39770 39771 39772 21051 6730 7728 39652 19890 2177 
debf0d4fdf30216c445f 40985 40986 40987 40988 40989 566 40990 40991 40992 8426 32581 417 40994 12866 40993 
ded4ee59d89d7c2c7693 7162 16414 883 17318 13231 20118 13244 15370 11386 13243 8194 20007 256 185 662 
df1a8cffbb4b429ef649 38824 -1 -1 30826 33754 3729 -1 42381 42430 31900 2795 29984 36399 -1 -1 
df25fbb7395cc5b04111 1631 7610 5396 1948 360 3494 101 577 178 619 906 -1 30 164 1751 
df3512048167e14dc23c 35366 -1 12101 -1 1028 1814 1105 1108 1169 -1 6700 433 -1 427 30 
df61f884efe2f4a52a3a 31215 30929 42257 31214 23139 2525 37643 21671 13918 31221 15185 352 865 42258 4045 
df746ff41538618d1950 15957 1260 16850 2098 15290 51 15046 23488 17564 14123 8995 11159 901 3993 9205 
df85f45cd84e84bad43e 25409 2177 19502 24456 2457 -1 4792 -1 7854 -1 6828 6791 803 2463 3816 
df86bef4ac07c951cae3 34062 157 4097 16744 34063 34064 34065 34066 34067 16583 15853 34068 23008 25449 9210 
df8d1d7959b6c9ccf7e7 21942 3520 12975 -1 21515 21661 21210 2602 10870 3823 16990 12727 11343 1201 427 
dfdcb44e9cf1bf0e697c 31892 31808 4813 31890 21531 27361 -1 31743 5576 4533 -1 9210 -1 23295 1105 
e00855248f0c58a3b6b4 25201 31714 40921 9434 9516 40927 40924 999 40926 -1 30 425 40925 -1 40928 
e0401ddea3d65babefd3 31733 1244 3059 16324 4148 29842 42793 34148 -1 -1 -1 -1 30 2844 425 
e13e1b8e31b207909687 2342 2860 406 405 7100 30450 5793 6259 30451 211 6496 563 30452 759 6592 
e144406f84a95c97e196 8256 26963 33688 33687 33689 33690 33691 33692 799 33693 14176 33694 26034 33695 33696 
e19eb4af01b5d34e02c5 31064 210 117 31065 30367 31066 31028 31067 31068 31069 9653 31070 17536 31071 3994 
e1b0aaae58f4c0e46d14 4415 30280 30281 1003 30282 11774 4558 30284 956 30283 5014 30285 30286 2608 30287 
e2138a3037b8e7a4f3c5 3127 2947 12258 4755 12259 4753 1038 12260 12261 12262 4616 2761 3490 10842 12263 
e2432d67d956e7db2b85 -1 1245 3923 6609 7372 21539 3445 427 433 1061 30 185 35151 3393 -1 
e3070f1c399bbc6cc36d -1 7934 1140 2804 -1 6751 -1 40060 -1 10042 3602 427 433 7854 30 
e321c9033ce22b898668 13337 21231 3206 12468 14058 19924 34913 13620 8030 13805 117 25295 -1 240 14229 
e415bbcdaacccbfa3fe3 1631 39 -1 795 1962 451 -1 525 339 2279 2028 2949 3919 -1 10830 
e422273b62c105007d50 417 24110 34281 3207 43072 1951 43073 43074 43075 43076 836 5355 42761 7387 663 
e4b843417db4134c698d -1 1245 3923 6609 7372 21539 3445 427 433 1061 30 185 35151 3393 -1 
e4ec90d4f9d500ea3fc0 428 374 31260 38291 38212 24501 5630 3085 3140 -1 -1 26034 -1 38398 2315 
e50ca23c03a74ca5422e -1 15712 30143 13593 30144 1393 6502 -1 13596 9614 2342 108 899 13595 2630 
e528e600c0e06c249d52 9011 40582 40581 40583 31714 30 109 100 425 571 435 40584 40585 40586 5858 
e58c867626625f12a4b9 11838 25344 3830 31172 16164 31173 31174 31175 11843 31176 31177 31178 10483 31179 3090 
e61ea3b406611a1d9943 33846 -1 12212 34924 -1 38614 -1 38245 -1 864 -1 38244 21604 -1 38752 
e634a26ee4c9e99b2fc3 25409 2177 19502 24456 2457 -1 4792 -1 7854 -1 6828 6791 803 2463 3816 
e6546da172ae1bab3f05 13736 38849 -1 -1 -1 38850 -1 -1 25852 38293 956 38851 -1 31760 -1 
e6a49c9c6f158d2da1dc 38310 42429 42430 42431 42432 1282 473 42433 31900 2229 42434 38633 38473 42435 38999 
e6a901c90506073eeeb9 14060 964 352 9661 7261 -1 37433 160 11702 -1 12775 13455 1251 2478 2349 
e6c22f78f46b4aad5176 31423 31424 31425 31426 31427 31428 31429 31430 31431 31432 31433 31434 31435 17432 31436 
e75ee23286d9967e562a 24005 23769 31228 2314 25902 6171 31229 31230 111 21471 28807 21970 1343 25912 23760 
e7b4d5ac307feb709668 40603 25478 10959 31808 18046 32152 40604 40605 427 433 115 40608 30 40606 40607 
e7b781b2a6e9de7a2d0b -1 7934 1140 2804 -1 6751 -1 40060 -1 10042 3602 427 433 7854 30 
e7d14f0bfe4572f8cae0 12383 12380 4418 13490 15063 12420 12442 118 -1 12439 636 3290 12387 14718 14728 
e84e3f365aff5c7f4200 31627 30709 31628 1260 5110 27661 31629 566 31630 24015 31631 3102 9125 31632 -1 
e8766e1a25cbbdc458bc 30254 799 2167 10977 30255 30256 30257 2234 6968 30258 1398 30259 9516 6162 18807 
e8960faf4a02148a3a48 32716 -1 -1 41014 185 -1 -1 -1 32813 -1 32717 35543 -1 -1 -1 
e93af4c5403175da868d 33395 31339 33396 33397 33398 33399 33400 33401 16833 33402 33403 33404 33405 33406 19890 
e958db59dfc7048e83b2 31414 31415 23569 31416 26289 8982 31417 31418 31419 31420 31421 3539 7678 876 31422 
e9cf8a23294fc39e1845 9011 40582 40581 40583 31714 30 109 100 425 571 435 40584 40585 40586 5858 
e9ebb29ed21f7b9ed7a0 31414 31415 23569 31416 26289 8982 31417 31418 31419 31420 31421 3539 7678 876 31422 
ea7663e05b5cfea79ffa 6668 358 360 492 164 39 906 262 3138 1306 826 101 561 558 5953 
eb196e468df3643c220c -1 -1 -1 25173 -1 -1 21112 427 433 30 -1 571 432 -1 -1 
eb1e0702a3ed59cd5271 38339 38448 38879 29039 -1 1244 10789 5416 338 31261 33746 -1 -1 -1 4978 
eba2f69d4d3de9796bfb 31284 16196 31285 31286 29415 30826 31287 30023 31288 2785 1907 31289 31290 31291 31292 
ebc674be74f28572e132 31510 31511 31512 10803 31513 31514 1250 22703 31515 659 31516 18736 31517 31518 8026 
ebcfaaa87e791eb2d1d6 15472 210 6633 25344 13928 15565 1584 1177 12647 7854 24765 3727 35550 6166 36107 
ec0ded6a58d627c8a5c6 32088 40770 40771 7300 40773 40774 1177 32130 32070 40772 6416 8978 8493 38952 5094 
ec1b45f3c95529204f1b 8256 26963 33688 33687 33689 33690 33691 33692 799 33693 14176 33694 26034 33695 33696 
ec446e613f02e9d3d20f -1 14945 -1 32312 3090 -1 41778 -1 24730 -1 -1 -1 -1 -1 -1 
eca56d07547b0a22aa24 636 1007 23519 746 22483 14760 13074 -1 2537 999 30 -1 425 374 -1 
ed19d90e668b35e02e31 1122 7206 164 6 1741 3494 1402 1080 1085 2606 1306 1019 19 -1 447 
ed2f5ea2c01c81f407af 31396 31397 2020 31398 31399 24209 31400 31401 31402 5963 1767 31403 23238 800 31404 
ee83a9604ea85d3da055 9365 25902 42259 42253 3556 42260 8561 38867 42261 42262 42254 42263 4956 42264 2556 
ee95cd740e0982e1396b 31716 31717 9838 31718 31712 21672 4813 31719 31720 31714 11176 11696 12090 10860 2349 
eead1449c41025b4daa4 7300 35552 5970 35553 12806 2398 3723 35554 35555 29927 35556 7534 35558 35557 35559 
eec77d5d39aaeba16002 31337 43223 31401 31400 31339 43224 43225 33388 33425 38916 42493 43226 13511 43227 43228 
ef2400b8e6b63292c4eb 15472 13928 14240 256 6633 577 7345 2417 17665 30 16485 19372 411 13196 899 
ef4b8443c6cedfe23160 925 25902 14364 31228 1353 32042 9210 -1 31169 7020 15125 33121 -1 25912 -1 
ef779e4bd13728fb600a 38310 42429 42430 42431 42432 1282 473 42433 31900 2229 42434 38633 38473 42435 38999 
efb5ef4f5fc855623e56 31237 31228 449 31238 31239 31240 7886 8561 31241 8901 31242 21848 2295 3781 42277 
efc36fb9c59745e4a8db 12468 13337 15070 21231 347 3206 8311 13665 12803 13191 956 577 16406 13234 -1 
f01ec62f7f56fbe26c45 17371 9707 115 31138 31139 26237 5049 6131 6496 2174 18602 1039 312 31140 31141 
f0c98781c3c4cd5d67f3 338 8543 9661 -1 21374 -1 9048 33822 417 396 -1 1105 1244 8458 -1 
f0f0b6fe1a96d3fa21a0 23407 21547 41060 12726 23408 21942 4616 1177 -1 21624 3615 21816 20208 12112 23290 
f1536bb06a0fecd71e4e 31215 30929 42257 31214 23139 2525 37643 21671 13918 31221 15185 352 865 42258 4045 
f171a8c0e6b90ff80189 34859 4372 31936 34860 1497 34861 34862 34863 10798 22 34864 5070 98 34865 34866 
f31a4f7f5ec3d9d4d737 38311 38355 -1 38339 31287 34241 -1 1282 -1 -1 2470 -1 -1 1244 31242 
f34bca6cf35cc005eed4 31593 7784 31594 31595 31596 31597 31598 31599 210 31600 31601 176 16513 1096 956 
f35d5658d73fae6caa00 -1 -1 27837 117 -1 374 111 1867 34071 3394 5143 867 -1 9035 -1 
f35dafc6f2750cefce20 31423 31424 31425 31426 31427 31428 31429 31430 31431 31432 31433 31434 31435 17432 31436 
f37f0a9a66ebc015e159 210 31362 31363 31364 31365 2463 31366 31367 27529 31368 31369 2573 2703 11172 31370 
f3d898cb005a3d3a417c 31215 31216 31217 31218 22283 26658 30929 31219 31220 31221 31222 25344 31223 10380 2920 
f3f34278eef75816dabd 6668 358 360 492 164 39 906 262 3138 1306 826 101 561 558 5953 
f44b8280cf02e00bd519 11914 31743 31868 28059 30502 17403 4813 31869 3598 30060 3539 12090 6891 2498 31689 
f4a32f42ccd7689d9a88 3442 3444 7913 1136 10846 285 776 -1 543 8854 5426 2573 12041 5423 2070 
f4f3d4decc6b652ba3f6 16927 42525 42918 42919 42920 25416 33572 42921 42922 42923 42793 7946 7629 26374 12866 
f5a7a7fec90b84170074 9529 358 906 360 117 557 840 436 39 -1 732 551 4944 5396 3172 
f5c2f0792d47b020dcf3 13760 13421 3500 15585 636 2505 825 10870 18186 256 1427 12443 13075 322 16996 
f6063e5de8eeb20adc98 13542 12353 3367 12515 2963 14656 12537 13159 12534 14604 2073 12359 16901 18649 14572 
f64bd2c9a6771a2fe6a5 31733 1244 3059 16324 4148 29842 42793 34148 -1 -1 -1 -1 30 2844 425 
f675f1d60090e825e9d3 33477 30549 33478 33479 33480 33481 33482 26384 18935 4715 31526 33483 2498 31828 33484 
f67b87ca3c0404521602 39515 -1 901 -1 3993 12471 117 26240 24186 2731 2498 13950 -1 11000 -1 
f6ce93da273439903246 31661 -1 -1 -1 -1 -1 -1 -1 -1 10921 -1 -1 10842 -1 433 
f6d300e7bb0213d1f740 33395 31339 33396 33397 33398 33399 33400 33401 16833 33402 33403 33404 33405 33406 19890 
f6fb1d079702bd9bf7e8 -1 -1 -1 23268 -1 -1 -1 -1 29388 30375 4748 -1 32313 33533 -1 
f70191de17fd7f287049 21290 21291 34621 25172 34117 12572 17869 2667 11696 24812 34109 34622 30288 30303 34623 
f78a7d3a996d2a347c95 32542 32543 32306 32544 32545 32546 18423 32547 32548 32550 32549 32551 27462 32552 41150 
f78a98fae07f9e885eca 20355 -1 -1 -1 20561 -1 6277 16664 27533 -1 33393 27701 6852 338 8970 
f79759ffd68f7b5a8f26 13333 879 4533 17746 1413 3919 347 13335 956 -1 11501 5576 13334 876 1254 
f7a745485daff28f2277 1953 3766 39114 -1 -1 4415 42221 15809 -1 40146 -1 -1 -1 -1 -1 
f7c6f00c56fba709147d 36712 -1 883 -1 256 6289 34548 636 1201 347 6291 6578 3766 3727 3536 
f7efc9c336f8c31f76a1 174 15960 3766 13231 5775 20178 6421 688 1626 -1 20275 -1 12991 35579 4418 
f81fa39d711531f7ace7 636 256 25008 433 -1 -1 22483 2404 12090 5105 41570 4337 1677 22337 14013 
f8ccbd75b7640aefa7c4 35238 31035 30375 25989 31038 31037 7292 40368 31145 40369 40370 31040 40371 3539 33740 
f8e36433648108d18e9c 13231 -1 4391 883 11209 14937 37059 6289 -1 -1 -1 476 21930 9571 16958 
f93852fd021811f7ec07 2896 1384 1583 2895 2556 -1 867 5262 195 30 2680 2073 1393 8190 39 
f968c3f442a86f86fc3f 30929 31231 13144 210 31232 31233 9210 31234 563 2525 31235 3539 31236 22858 29333 
f9a336c72c33146b79dc -1 907 105 489 3900 3624 516 30 1956 771 1594 96 23 3255 5792 
f9aacbb0c484f0401961 -1 -1 27837 117 -1 374 111 1867 34071 3394 5143 867 -1 9035 -1 
f9fe553c6bcb0687ec18 5416 -1 38571 1836 2426 1268 7016 31310 -1 38249 8672 2791 9504 -1 5013 
fa39a9098824e4f266f2 2379 160 7892 999 30264 30 425 30260 30261 30262 956 30263 30265 30266 7566 
fa7c90fa815f0cd6a621 -1 7154 117 -1 -1 -1 -1 35440 19315 2667 -1 -1 10962 10365 13984 
fa828ee641b508e735d3 12849 12771 12515 -1 -1 -1 12653 16564 12564 428 21211 -1 -1 4645 -1 
faa3a68c775b26483e20 22089 -1 256 -1 21916 23069 11210 6394 10589 21766 -1 21547 23067 23749 1003 
fade9447f643b55c822b 9365 7300 23764 25912 31200 19729 18836 31201 2183 433 2799 1152 31202 30 428 
fae16ce96d6e623b3aad 12515 13764 13542 30 3367 12537 12529 12410 11433 2963 12534 1127 12692 4266 6916 
fb60845d1142d651397b 42650 42651 4766 1643 42652 417 210 1252 566 9210 22703 42653 2342 42654 7785 
fbb83c8658f91b5218aa 27598 39634 30755 39635 39636 39637 3554 836 39638 39639 2171 7635 25972 12090 39640 
fbd5c8c358171e85703d 15870 6849 16467 30 20265 2026 18151 16463 -1 -1 -1 12651 5013 16259 353 
fc4d5688c293ca0e6277 42583 42584 42585 42586 42587 7785 17432 2229 417 2667 27016 11333 21926 3367 -1 
fc79004c4a475e602697 34607 6162 956 42248 10850 2167 2608 -1 7021 9508 -1 926 35628 19273 14756 
fc7f175d7dfe1bbc4559 9429 799 17159 6701 242 30 430 43343 425 43344 4281 30440 11275 43345 43346 
fca85639c49e47dc87b7 24913 1286 473 7402 24401 5282 25688 28818 11171 469 42426 42427 4296 25988 42428 
fd0c54138827a60a11c5 13174 13312 117 12562 12383 4061 13294 12768 14150 12380 18941 -1 12914 14741 26770 
fd2ecb2e7baaac50eb32 6451 2103 185 169 942 165 285 9182 505 3127 12090 28880 254 433 8499 
fd3e49bf89cc52ded9eb 3548 4767 6166 43088 1251 1837 417 7479 24233 6828 1105 38468 43089 43090 7595 
fd7744a76782b906859b 428 374 31260 38291 38212 24501 5630 3085 3140 -1 -1 26034 -1 38398 2315 
fdb30845e8a344ca5652 31293 2470 31286 31294 31295 31296 417 2703 210 28818 31297 4978 31298 3729 5006 
fe6581be0be0de1a648f 12391 688 14978 -1 16901 17869 -1 956 4418 -1 12380 12420 636 31872 5925 
fe8d41986d54d157acd4 12212 31284 -1 1244 1245 16196 3729 31260 38747 31303 37676 41204 2229 7372 12078 
fe9b9a4269e475c20f06 24005 23769 31228 2314 25902 6171 31229 31230 111 21471 28807 21970 1343 25912 23760 
feaac16d49dca75c9c74 441 434 930 39 5288 2488 8311 7006 436 210 435 1700 998 -1 -1 
feaefbb37c07ef410472 33693 8256 33688 33695 38797 23198 9349 -1 43355 -1 210 6735 24403 799 4042 
fec1767fd7e72ee9c225 42995 5207 42996 33572 3207 42997 42998 2785 42999 34857 43000 43001 39334 30081 16104 
ff116e64f5a12086ab5c 33846 2467 -1 33750 -1 -1 1584 12212 5516 38526 -1 -1 3705 -1 688 
ff6eae5ccff80fc89098 33959 1954 33960 7785 30992 7854 1393 12251 33961 15399 33962 33963 27867 4116 563 
ff7674f65ba28f37b7ec 13593 -1 30141 1393 650 899 2630 1435 3367 2342 -1 -1 13595 6194 13596 
ff7ea3b0a36e0eb809a7 7879 1247 1245 42589 235 12866 6643 23224 31479 42590 39515 33507 42591 8543 42592 
ffd7259818327089f205 21089 34120 20502 34121 34122 1096 1169 3602 325 34021 34123 4859 7847 30987 1072 
ffd8b842a100bdbd1a23 905 1612 21818 21911 12933 23924 21449 1140 23707 22299 22669 23925 23926 22778 21515 